A1_ASC = -0.4497316733524299
A3_ASC = -9.016138721597475
B_COM_A_G_STD = -7.510145033313614
B_COM_A_G_mean = 5.050181756305929
B_COM_BGD_STD = -6.340392811554811
B_COM_BGD_mean = -2.3526240698203957
B_COM_EUR_STD = -10.692178143339492
B_COM_EUR_mean = 5.0581443994732815
B_COM_VNM_STD = 0.9403773663729588
B_COM_VNM_mean = -1.3500616766910138
B_L1_E_CO2_STD = -0.30897928050174156
B_L1_E_CO2_mean = 0.0727441358117022
B_L1_E_ENE_STD = -0.0006256723473189911
B_L1_E_ENE_mean = -0.03320190850194713
B_L1_E_WAS_STD = -0.0030819526158451555
B_L1_E_WAS_mean = -0.0023765737134234235
B_L1_E_WAT_STD = 0.00013923130285628944
B_L1_E_WAT_mean = -0.00024238072367704957
B_L1_G_CSR_STD = 5.66617231635718
B_L1_G_CSR_mean = 7.389735547773512
B_L1_G_MGS_STD = -10.710194088344982
B_L1_G_MGS_mean = 11.917221035826818
B_L1_S_HRS_STD = 9.726474473703107
B_L1_S_HRS_mean = 1.3358718576641333
B_L1_S_WFS_STD = 3.4560503114121595
B_L1_S_WFS_mean = 2.3534571243539024
B_L2_E_STD = -0.2876361694219884
B_L2_E_mean = 1.1900173675555163
B_L2_G_STD = 0.17693913338565906
B_L2_G_mean = 0.7579062179301239
B_L2_STD = -9.443089538219468
B_L2_S_STD = 0.6367151667867513
B_L2_S_mean = 0.8720094668273511
B_L2_mean = -7.345041909486317
B_L3_E_Imp_STD = 9.06681152768515
B_L3_E_Imp_mean = -10.900490329813602
B_L3_G_Imp_STD = 20.226321439790695
B_L3_G_Imp_mean = -8.49019880892584
B_L3_STD = 0.8265562426390187
B_L3_S_Imp_STD = -26.462846472980605
B_L3_S_Imp_mean = -1.0066733398448666
B_L3_mean = 7.760609034571856
B_L4_E_Green_STD = -4.963700508113104
B_L4_E_Green_mean = 3.7115248086442905
B_L4_E_Yellow_STD = -2.761815477994067
B_L4_E_Yellow_mean = 0.6841288813860265
B_L4_G_Green_STD = -10.797467143870866
B_L4_G_Green_mean = 6.998620306865058
B_L4_G_Yellow_STD = -5.112074757517544
B_L4_G_Yellow_mean = -1.3756558268143064
B_L4_STD = -12.573024016560094
B_L4_S_Green_STD = 4.81774945251206
B_L4_S_Green_mean = 1.316342410609226
B_L4_S_Yellow_STD = 0.30649334005247797
B_L4_S_Yellow_mean = 0.8641972449786534
B_L4_mean = 2.553698178065108
B_MAT_OC_STD = 11.222242666239538
B_MAT_OC_mean = 0.4675848573125865
B_MAT_PE_STD = 25.73758798459956
B_MAT_PE_mean = -5.902090178925749
B_MAT_RM_STD = -11.91985089151976
B_MAT_RM_mean = -2.500068510358649
B_MAT_WO_STD = -16.833134707254764
B_MAT_WO_mean = 0.4246734081961139
B_PRICE_STD = -0.2098582794994439
B_PRICE_mean = -0.17579944873124057
B_Q_HIGH_STD = -15.148214927165577
B_Q_HIGH_mean = 7.737457965325455
B_Q_MED_STD = -5.085770216549947
B_Q_MED_mean = 6.634880427271904
