A1_ASC = 1.2345511154668538
A3_ASC = -7.0164319289798724
B_COM_A_G_STD = 19.579764828107532
B_COM_A_G_mean = 10.36857215137647
B_COM_BGD_STD = 16.746838282985244
B_COM_BGD_mean = 0.23854398587311296
B_COM_EUR_mean = 7.858539843795352
B_COM_VNM_STD = -15.419459749123671
B_COM_VNM_mean = -0.7584915990252418
B_L1_E_CO2_STD = -0.038551919078415445
B_L1_E_CO2_mean = 0.14104497485154227
B_L1_E_ENE_STD = -0.00798753413968414
B_L1_E_ENE_mean = -0.03501850048644517
B_L1_E_WAS_STD = 0.003358064632473533
B_L1_E_WAS_mean = 0.0043838776566252615
B_L1_E_WAT_STD = 0.0004258784383118345
B_L1_E_WAT_mean = 4.795441348033552e-05
B_L1_G_CSR_STD = -15.089745377589805
B_L1_G_CSR_mean = 1.6253960203823223
B_L1_G_MGS_STD = -21.438592990939494
B_L1_G_MGS_mean = 15.571103637761459
B_L1_S_WFS_mean = 9.067424194390695
B_L2_E_STD = 0.05282764378759609
B_L2_E_mean = 1.9652542519511085
B_L2_G_STD = 1.6560347393881674
B_L2_G_mean = 1.3742600037367754
B_L2_STD = 8.2241090993695
B_L2_S_STD = 0.6641347586003508
B_L2_S_mean = 1.93262164028622
B_L2_mean = -11.861890452894148
B_L3_E_Imp_STD = -18.573770233775107
B_L3_E_Imp_mean = -21.530864183285335
B_L3_G_Imp_STD = 42.3125629015793
B_L3_G_Imp_mean = -18.1625923723723
B_L3_STD = 5.781700687427977
B_L3_S_Imp_STD = 40.83664304404692
B_L3_S_Imp_mean = -1.9964605228580956
B_L3_mean = 15.342815625662706
B_L4_E_Green_STD = 15.828226218532986
B_L4_E_Green_mean = 4.745626757032966
B_L4_E_Yellow_mean = 4.107745866558864
B_L4_G_Green_mean = 7.750897574811551
B_L4_STD = -21.091472128758426
B_L4_S_Green_STD = -20.801030174300507
B_L4_S_Green_mean = -2.326633116535802
B_L4_S_Yellow_STD = 11.116671569100166
B_L4_S_Yellow_mean = 5.4676714687494155
B_L4_mean = 9.8012579657226
B_MAT_OC_mean = 1.2762866075810848
B_MAT_PE_STD = 31.661222431685186
B_MAT_PE_mean = -11.372194064562242
B_MAT_RM_STD = -11.992245959040591
B_MAT_RM_mean = -4.575986764190023
B_MAT_WO_STD = 18.967878440640362
B_MAT_WO_mean = -1.623370503742056
B_PRICE_STD = -0.340821040246376
B_PRICE_mean = -0.3094589282885206
B_Q_HIGH_STD = -24.636575176237297
B_Q_HIGH_mean = 14.755274670303786
B_Q_MED_STD = -17.167867655533907
B_Q_MED_mean = 12.309760992673395
