A1_ASC = -0.00442247285023265
A3_ASC = -0.9651332248028517
B_COM_A_G_STD = 0.09524086260854234
B_COM_A_G_mean = 0.5013913319160552
B_COM_BGD_STD = 0.14234911998265282
B_COM_BGD_mean = -0.12384176509691354
B_COM_EUR_STD = 0.12457918313809764
B_COM_EUR_mean = 0.24720075295947289
B_COM_VNM_STD = 0.019161602610204206
B_COM_VNM_mean = 0.007819581561499554
B_L1_E_CO2_STD = -0.04337125779683
B_L1_E_CO2_mean = -0.1002986084696307
B_L1_E_ENE_STD = -0.052398773384134074
B_L1_E_ENE_mean = 0.115134370377823
B_L1_E_WAS_STD = -0.015811212587670292
B_L1_E_WAS_mean = 0.023751645679110936
B_L1_E_WAT_STD = -0.0005347599617566252
B_L1_E_WAT_mean = 0.0004407271680394167
B_L1_G_CSR_STD = -0.12100273221428798
B_L1_G_CSR_mean = 0.44024626805043093
B_L1_G_MGS_STD = -0.013225207777596367
B_L1_G_MGS_mean = 0.2040306923990301
B_L1_S_HRS_STD = -0.014839230220666449
B_L1_S_HRS_mean = 0.11504555007634455
B_L1_S_WFS_STD = -0.15571742136874095
B_L1_S_WFS_mean = -0.5467439549171225
B_L2_E_STD = -0.01450738862031812
B_L2_E_mean = 0.09738779155366573
B_L2_G_STD = 0.028525434652973622
B_L2_G_mean = 0.039083695977634864
B_L2_STD = 0.01654556561204672
B_L2_S_STD = 0.024505134708409565
B_L2_S_mean = 0.09623365847904634
B_L2_mean = -0.1199105069654832
B_L3_E_Imp_STD = -0.23208430923563905
B_L3_E_Imp_mean = -0.7172525799118622
B_L3_G_Imp_STD = -0.2128186534310834
B_L3_G_Imp_mean = -0.05794314711620788
B_L3_STD = -0.03259956873222652
B_L3_S_Imp_STD = 0.23970043898149854
B_L3_S_Imp_mean = -0.3564180438136129
B_L3_mean = 1.3251294440661743
B_L4_E_Green_STD = 0.13300869148005864
B_L4_E_Green_mean = 0.612359854677825
B_L4_E_Yellow_STD = -0.059522235930542435
B_L4_E_Yellow_mean = 0.21544123932284281
B_L4_G_Green_STD = -0.3752735889417305
B_L4_G_Green_mean = 0.14564849061410295
B_L4_G_Yellow_STD = -0.10167630865893611
B_L4_G_Yellow_mean = -0.011538376768740213
B_L4_STD = -0.002824901670192857
B_L4_S_Green_STD = -0.06711615034610305
B_L4_S_Green_mean = 0.3873241381374228
B_L4_S_Yellow_STD = -0.09085202898576313
B_L4_S_Yellow_mean = 0.27691852664149524
B_L4_mean = 0.32870222672393934
B_MAT_OC_STD = -0.03880366059332296
B_MAT_OC_mean = -0.04107376099385805
B_MAT_PE_STD = 0.011667181631300413
B_MAT_PE_mean = -0.6378924008708888
B_MAT_RM_STD = -0.1952204800372066
B_MAT_RM_mean = -0.35203733031568024
B_MAT_WO_STD = 0.03715338007135941
B_MAT_WO_mean = -0.12839599130994525
B_PRICE_STD = -0.005874226978642767
B_PRICE_mean = -0.13233047962241767
B_Q_HIGH_STD = -0.036329751316204216
B_Q_HIGH_mean = 0.4266327274769666
B_Q_MED_STD = 0.07242923962357302
B_Q_MED_mean = 0.1701518453017574
