A1_ASC = -0.08316776886305688
A3_ASC = -1.9957961379325622
B_COM_A_G_STD = 0.5340830208985865
B_COM_A_G_mean = 1.116396254169419
B_COM_BGD_STD = 0.009370794144543646
B_COM_BGD_mean = -0.06823303440481254
B_COM_EUR_STD = 1.8238676200634856
B_COM_EUR_mean = 0.9118482150293586
B_COM_VNM_STD = -1.2046853995865763
B_COM_VNM_mean = -0.047976959056894794
B_MAT_OC_STD = -0.8479469106431095
B_MAT_OC_mean = 0.3464566215000457
B_MAT_PE_STD = -0.5780915715822386
B_MAT_PE_mean = -0.7458378787676767
B_MAT_RM_STD = 1.0536796729966962
B_MAT_RM_mean = -0.20981869094227495
B_MAT_WO_STD = 0.16572746090994664
B_MAT_WO_mean = -0.0143870322416772
B_PRICE_STD = 0.005128555085432562
B_PRICE_mean = -0.005325230893979536
B_Q_HIGH_STD = -2.5083260161278833
B_Q_HIGH_mean = 1.510537054357615
B_Q_MED_STD = 1.479402084545014
B_Q_MED_mean = 0.7586677488114812
