A1_ASC = -2.5594962756727315
A3_ASC = -12.07270855990027
B_COM_A_G_STD = 19.106716526692676
B_COM_A_G_mean = 11.113265667526363
B_COM_BGD_STD = -13.720217678675079
B_COM_BGD_mean = -1.361419422515001
B_COM_EUR_STD = -13.975421655517916
B_COM_EUR_mean = 15.11661919141822
B_COM_VNM_STD = 35.713816985433155
B_COM_VNM_mean = -1.1520791723715007
B_L1_E_CO2_STD = 0.037338465672613896
B_L1_E_CO2_mean = -0.05382520790354005
B_L1_E_ENE_STD = 0.006496497445977462
B_L1_E_ENE_mean = 0.026526502505731856
B_L1_E_WAS_STD = -0.0071270550783245346
B_L1_E_WAS_mean = 0.005994398860858367
B_L1_E_WAT_mean = -0.00015416851066559338
B_L1_G_CSR_STD = -6.411456473532719
B_L1_G_CSR_mean = -2.6332038847991996
B_L1_G_MGS_STD = -14.745570298321404
B_L1_G_MGS_mean = 3.1194213433777995
B_L1_S_HRS_STD = 6.6661063111897105
B_L1_S_HRS_mean = 8.356138535671015
B_L1_S_WFS_STD = 5.457567490944639
B_L1_S_WFS_mean = -3.2572759503861435
B_L2_E_STD = -2.3134226167031584
B_L2_E_mean = 2.1765450620068028
B_L2_G_STD = 2.9970255705682707
B_L2_G_mean = 0.20555965169042603
B_L2_STD = -4.944344757938963
B_L2_S_STD = -3.3443618727775966
B_L2_S_mean = 0.9928671790327319
B_L2_mean = 2.8514009544902024
B_L3_E_Imp_STD = -33.54706888298861
B_L3_E_Imp_mean = -10.315106431451108
B_L3_G_Imp_STD = -15.110533177986332
B_L3_G_Imp_mean = -12.438138542888584
B_L3_S_Imp_STD = -5.207747616647588
B_L3_S_Imp_mean = -13.218534802533664
B_L3_mean = 12.065976801805387
B_L4_E_Green_STD = -10.734446855348496
B_L4_E_Green_mean = 17.45054306204417
B_L4_E_Yellow_mean = 20.795945625967448
B_L4_G_Green_STD = 15.030822963820082
B_L4_G_Green_mean = 10.902388065622109
B_L4_G_Yellow_STD = 25.929716341165943
B_L4_G_Yellow_mean = 8.686367349051185
B_L4_STD = -26.000897520509536
B_L4_S_Green_STD = 3.0177706633071057
B_L4_S_Green_mean = 18.218241502044247
B_L4_S_Yellow_STD = -18.835010989380375
B_L4_S_Yellow_mean = 14.884560352907195
B_L4_mean = -21.490568082540012
B_MAT_OC_STD = -39.25587906142857
B_MAT_OC_mean = 12.196439477427798
B_MAT_PE_STD = -25.482310724165636
B_MAT_PE_mean = -8.894219576477004
B_MAT_RM_STD = -16.094932198617055
B_MAT_RM_mean = 1.5775603872961188
B_MAT_WO_mean = -3.1095992090558617
B_PRICE_STD = 0.07442015086986326
B_PRICE_mean = -0.07357076622326965
B_Q_HIGH_STD = 6.805908396889769
B_Q_HIGH_mean = 11.226730533981216
B_Q_MED_STD = 21.459240910681583
B_Q_MED_mean = 8.659437685912494
