A1_ASC = -0.6836188364312734
A3_ASC = -15.833949769492653
B_COM_A_G_STD = 16.546387268567226
B_COM_A_G_mean = 6.644618012567391
B_COM_BGD_STD = 4.133823306838687
B_COM_BGD_mean = -0.20748648939763653
B_COM_EUR_STD = -5.389406344632274
B_COM_EUR_mean = 11.767223853190476
B_COM_VNM_STD = 10.418373680653298
B_COM_VNM_mean = -0.9729617701973743
B_L1_E_CO2_STD = -0.022860969203803476
B_L1_E_CO2_mean = -0.023926386073133542
B_L1_E_ENE_STD = 0.010840228233287194
B_L1_E_ENE_mean = 0.0006692918266276661
B_L1_E_WAS_STD = -0.003238431910381634
B_L1_E_WAS_mean = 0.005087251055479065
B_L1_G_CSR_STD = -7.774738817830024
B_L1_G_CSR_mean = -4.385236177808481
B_L1_G_MGS_STD = 7.731346291127879
B_L1_G_MGS_mean = -0.4765430324832019
B_L1_S_HRS_STD = 5.99120722296028
B_L1_S_HRS_mean = -1.0686588884099393
B_L1_S_WFS_STD = -7.278089113962955
B_L1_S_WFS_mean = -4.062908141472248
B_L2_E_STD = 0.9289179753495933
B_L2_E_mean = 0.3944737954938933
B_L2_G_STD = -3.0722205916901424
B_L2_G_mean = -0.16337551357924388
B_L2_STD = 1.8072378118391954
B_L2_S_STD = 1.1949811806922441
B_L2_S_mean = 0.5065152598484051
B_L2_mean = 2.8705236458326153
B_L3_E_Imp_STD = 3.7333223651263836
B_L3_E_Imp_mean = -5.137591881060202
B_L3_G_Imp_STD = 2.7273609264707304
B_L3_G_Imp_mean = -3.2876154795201677
B_L3_S_Imp_STD = -16.62861784595547
B_L3_S_Imp_mean = -6.300653018015419
B_L3_mean = -0.26466573423063017
B_L4_E_Green_STD = -2.890038908439045
B_L4_E_Green_mean = 8.21690744796071
B_L4_E_Yellow_mean = 8.169866620289122
B_L4_G_Green_STD = -4.737774948120217
B_L4_G_Green_mean = 6.569085461423009
B_L4_G_Yellow_STD = 26.907073607386895
B_L4_G_Yellow_mean = -3.063966627894016
B_L4_STD = 4.035044039403773
B_L4_S_Green_STD = 9.08228636507837
B_L4_S_Green_mean = 6.8063598313116
B_L4_S_Yellow_STD = 0.16178147299677714
B_L4_S_Yellow_mean = 4.079936948573872
B_L4_mean = -12.581150374577687
B_MAT_OC_STD = -16.853698585687965
B_MAT_OC_mean = 2.822723785069092
B_MAT_PE_STD = -14.075717366305852
B_MAT_PE_mean = -8.533912248412626
B_MAT_RM_STD = -5.623681238795835
B_MAT_RM_mean = -3.3407395194136034
B_MAT_WO_mean = -0.37203230156206984
B_PRICE_STD = 0.058100867822079294
B_PRICE_mean = -0.0500005529497846
B_Q_HIGH_STD = 15.21405426718424
B_Q_HIGH_mean = 8.264385327097521
B_Q_MED_STD = -10.333521772179635
B_Q_MED_mean = 7.130924357948201
