A1_ASC = 0.12771809448182314
A3_ASC = -2.5557067075292617
B_COM_A_G_STD = -3.298822791228205
B_COM_A_G_mean = 2.0067217391541923
B_COM_BGD_STD = 2.934452781659779
B_COM_BGD_mean = -0.9336289157905108
B_COM_EUR_mean = 1.2496666271255972
B_COM_VNM_STD = -1.1529795337949282
B_COM_VNM_mean = -0.5872867817563134
B_L1_E_CO2_STD = -0.04509980573869318
B_L1_E_CO2_mean = 0.0435132115731601
B_L1_E_ENE_STD = -0.013985295448843981
B_L1_E_ENE_mean = -0.011340540899167742
B_L1_E_WAS_STD = -0.005104407933342336
B_L1_E_WAS_mean = -0.00030753464694779865
B_L1_E_WAT_STD = -0.00011927237452693119
B_L1_E_WAT_mean = -2.4808416350006294e-05
B_L1_G_CSR_STD = 0.06751249718913681
B_L1_G_CSR_mean = 1.4276757199562125
B_L1_G_MGS_STD = 6.640672128255623
B_L1_G_MGS_mean = 3.583281391511007
B_L1_S_WFS_mean = 1.5089441239098726
B_L2_E_STD = 0.056375353224284164
B_L2_E_mean = 0.4266206544946704
B_L2_G_STD = -0.6092838643904236
B_L2_G_mean = 0.3809242287236018
B_L2_STD = 1.1904332966522917
B_L2_S_STD = 0.22705009049107386
B_L2_S_mean = 0.5087386417106831
B_L2_mean = -3.246284649522113
B_L3_E_Imp_STD = 5.445689937267324
B_L3_E_Imp_mean = -4.025778416883634
B_L3_G_Imp_STD = 5.377776252265987
B_L3_G_Imp_mean = -2.958613100081148
B_L3_STD = -1.2543456917256628
B_L3_S_Imp_STD = -7.747757992652519
B_L3_S_Imp_mean = -1.846435018882425
B_L3_mean = 3.439561328331533
B_L4_E_Green_STD = -0.22563616729268196
B_L4_E_Green_mean = 1.682087595337733
B_L4_E_Yellow_mean = 0.7287374154632397
B_L4_G_Green_mean = 1.492786849047598
B_L4_STD = 3.862308884704351
B_L4_S_Green_STD = 4.986316915127274
B_L4_S_Green_mean = 0.32612523015949285
B_L4_S_Yellow_STD = 1.3560873548099455
B_L4_S_Yellow_mean = 1.701350506718372
B_L4_mean = 1.3561542469856511
B_MAT_PE_STD = -9.106004528258643
B_MAT_PE_mean = -2.5405667628106583
B_MAT_RM_STD = -4.945021504526755
B_MAT_RM_mean = -1.350235767780061
B_MAT_WO_STD = 3.3922995013875634
B_MAT_WO_mean = -1.063506739007488
B_PRICE_STD = 0.09437809201422714
B_PRICE_mean = -0.05831132863431187
B_Q_HIGH_STD = -5.838911554092872
B_Q_HIGH_mean = 3.1306861435493936
B_Q_MED_STD = 1.952781034794117
B_Q_MED_mean = 2.571083150158522
