A1_ASC = 0.002709983873200422
A3_ASC = -0.21955377061839695
B_COM_A_G_STD = 0.08819824435406719
B_COM_A_G_mean = 0.46003906604457556
B_COM_BGD_STD = 0.053917501773331725
B_COM_BGD_mean = 0.01182734904209858
B_COM_EUR_STD = -0.27715651822375553
B_COM_EUR_mean = 0.5196679064209954
B_COM_VNM_STD = -0.014641661280227676
B_COM_VNM_mean = 0.05900861883517034
B_L1_E_CO2_STD = -0.0005471969404292942
B_L1_E_CO2_mean = -0.0003744125848072218
B_L1_E_ENE_STD = -0.00044154431616425015
B_L1_E_ENE_mean = 0.0006507722990167495
B_L1_E_WAS_STD = -5.128738591289373e-05
B_L1_E_WAS_mean = 0.00034693485840011056
B_L1_E_WAT_STD = 5.193350291491847e-06
B_L1_E_WAT_mean = 8.568356684991047e-06
B_L1_G_CSR_STD = 0.05654661632601797
B_L1_G_CSR_mean = -0.18144001937613277
B_L1_G_MGS_STD = 0.05046858639434951
B_L1_G_MGS_mean = 0.09412377356505101
B_L1_S_HRS_STD = 0.11107312248035633
B_L1_S_HRS_mean = 0.05329392330483504
B_L1_S_WFS_STD = 0.2033326375777135
B_L1_S_WFS_mean = -0.1249340600753287
B_L2_E_STD = -0.014543755672685166
B_L2_E_mean = 0.04853294860063285
B_L2_G_STD = -0.00029356817103666255
B_L2_G_mean = 0.011879322877004644
B_L2_STD = 0.006639835411485302
B_L2_S_STD = -0.00814459851048663
B_L2_S_mean = 0.03500081880010318
B_L2_mean = 0.5599103698216661
B_L3_E_Imp_STD = -0.3078970797258222
B_L3_E_Imp_mean = -0.4259437738534742
B_L3_G_Imp_STD = 0.062424608724552424
B_L3_G_Imp_mean = -0.5474174638037964
B_L3_STD = -0.05181986998776331
B_L3_S_Imp_STD = 0.3585663457977768
B_L3_S_Imp_mean = -0.603845055269387
B_L3_mean = 0.7186228211487447
B_L4_E_Green_STD = 0.29751072838570036
B_L4_E_Green_mean = 0.5032873632918988
B_L4_E_Yellow_STD = 0.08208726331167297
B_L4_E_Yellow_mean = 0.4745907128613623
B_L4_G_Green_STD = -0.011343375913194483
B_L4_G_Green_mean = 0.7618375716832853
B_L4_G_Yellow_STD = -0.18297361579045207
B_L4_G_Yellow_mean = 0.25799979516314386
B_L4_STD = 0.06689845420178724
B_L4_S_Green_STD = -0.08663693123008144
B_L4_S_Green_mean = 0.457143104505876
B_L4_S_Yellow_STD = 0.16338336283370034
B_L4_S_Yellow_mean = 0.4051752301320247
B_L4_mean = -0.3919630560289648
B_MAT_OC_STD = 0.1030348599829086
B_MAT_OC_mean = 0.33774728233958623
B_MAT_PE_STD = 0.010095173501812145
B_MAT_PE_mean = -0.4213738682345354
B_MAT_RM_STD = 0.04698056109830121
B_MAT_RM_mean = -0.16761847426341683
B_MAT_WO_STD = -0.21863365682554195
B_MAT_WO_mean = -0.16026847089319718
B_PRICE_STD = 9.136482135415656e-05
B_PRICE_mean = -0.0027242470219060507
B_Q_HIGH_STD = -0.04927049502870007
B_Q_HIGH_mean = 0.554608929298848
B_Q_MED_STD = -0.1359175001283087
B_Q_MED_mean = 0.4429127457045147
