A1_ASC = 0.09122133356469316
A3_ASC = -3.0533039628595486
B_COM_A_G_STD = -1.5811748238544672
B_COM_A_G_mean = 1.3612405349353747
B_COM_BGD_STD = 1.3520520869644599
B_COM_BGD_mean = 0.08525586398833014
B_COM_EUR_STD = -0.2314884584376242
B_COM_EUR_mean = 0.5271374668706318
B_COM_VNM_STD = -1.3362288328217087
B_COM_VNM_mean = -0.030822097467289828
B_MAT_OC_STD = 0.5949281978161644
B_MAT_OC_mean = 0.1154329317505045
B_MAT_PE_STD = 1.1521149803078414
B_MAT_PE_mean = -1.1346161665609071
B_MAT_RM_STD = 0.8346051924255904
B_MAT_RM_mean = -0.4031042337645752
B_MAT_WO_STD = 0.5741843307519596
B_MAT_WO_mean = -0.6198530876898789
B_PRICE_STD = 0.039524435932777255
B_PRICE_mean = -0.04965421803490621
B_Q_HIGH_STD = 2.123712868705168
B_Q_HIGH_mean = 1.2956988203183473
B_Q_MED_STD = 1.1459874898147413
B_Q_MED_mean = 0.6998761768559182
