A1_ASC = 0.2816604141122919
A3_ASC = -0.10944585245496298
B_COM_A_G_STD = 0.12479897244531633
B_COM_A_G_mean = 0.8607378339939695
B_COM_BGD_STD = -0.4933804602002003
B_COM_BGD_mean = 0.3231652297906118
B_COM_EUR_STD = -0.20204393800725057
B_COM_EUR_mean = 0.7255248954521367
B_COM_VNM_STD = -0.4055231511668744
B_COM_VNM_mean = 0.21301842455227032
B_L1_E_CO2_STD = 0.04164947639794465
B_L1_E_CO2_mean = -0.0020601164272405787
B_L1_E_ENE_STD = -7.890213485407243e-05
B_L1_E_ENE_mean = 0.0035631012968889465
B_L1_E_WAS_STD = 0.006634193879422052
B_L1_E_WAS_mean = 0.0021554387779000607
B_L1_E_WAT_STD = -0.000110791326819027
B_L1_E_WAT_mean = 5.952080362824539e-05
B_L1_G_CSR_STD = -0.5116927736531893
B_L1_G_CSR_mean = 0.958553683276762
B_L1_G_MGS_STD = 1.2873816114623755
B_L1_G_MGS_mean = 0.4938675361315335
B_L1_S_HRS_STD = -1.1428419976495718
B_L1_S_HRS_mean = -0.3052906738078036
B_L1_S_WFS_STD = 0.8371068689007256
B_L1_S_WFS_mean = 0.6647243593307042
B_L2_E_STD = -0.115188844798185
B_L2_E_mean = 0.20219844534553208
B_L2_G_STD = 0.11800154881453292
B_L2_G_mean = 0.0940890772150937
B_L2_STD = 0.7946555595714347
B_L2_S_STD = 0.14490567719185063
B_L2_S_mean = 0.1673304184022358
B_L2_mean = -0.4248421122079722
B_L3_E_Imp_STD = 2.5123939803828845
B_L3_E_Imp_mean = -0.7479885421513883
B_L3_G_Imp_STD = -0.011581789804350956
B_L3_G_Imp_mean = -0.8494166552372785
B_L3_S_Imp_STD = 1.3821865671347178
B_L3_S_Imp_mean = -0.7540768407052715
B_L3_mean = 1.916213715806257
B_L4_E_Green_STD = -0.7377088072411156
B_L4_E_Green_mean = -0.015328050847440149
B_L4_E_Yellow_STD = -0.8255568633054571
B_L4_E_Yellow_mean = 0.13855947932020382
B_L4_G_Green_STD = 0.09823436091962238
B_L4_G_Green_mean = 1.7274750108138142
B_L4_G_Yellow_mean = 0.7370505766159126
B_L4_STD = -0.34672585338186185
B_L4_S_Green_mean = 0.4644256049531493
B_L4_S_Yellow_STD = -3.2406690501450215
B_L4_S_Yellow_mean = 0.42645634546249717
B_L4_mean = 0.06756689745935585
B_MAT_OC_STD = 0.2379299848030499
B_MAT_OC_mean = -0.33522036823030293
B_MAT_PE_STD = 0.5311317803547551
B_MAT_PE_mean = -1.1106369590929015
B_MAT_RM_STD = 1.511657428635518
B_MAT_RM_mean = -0.10421936217929657
B_MAT_WO_STD = -0.8354218311617753
B_MAT_WO_mean = -0.11551268523829002
B_PRICE_STD = -0.03271538403872792
B_PRICE_mean = -0.04629204102952424
B_Q_HIGH_STD = 0.9226289603597081
B_Q_HIGH_mean = 1.0131387643212746
B_Q_MED_STD = -1.1688604770019873
B_Q_MED_mean = 0.8305396598387456
