A1_ASC = 1.587867533443092
A3_ASC = -0.5198044487380911
B_COM_A_G_STD = 7.153414157068526
B_COM_A_G_mean = 4.860173647747871
B_COM_BGD_STD = 0.8872754619970199
B_COM_BGD_mean = 1.6046278559286042
B_COM_EUR_STD = -7.133298187850145
B_COM_EUR_mean = 5.509724287201279
B_COM_VNM_STD = 5.708669049714002
B_COM_VNM_mean = 2.285811741271397
B_L1_E_CO2_STD = -0.27594331730641747
B_L1_E_CO2_mean = -0.05918874560725311
B_L1_E_ENE_STD = 0.010072292199840464
B_L1_E_ENE_mean = 0.07797083181566311
B_L1_E_WAS_STD = -0.07105945308376303
B_L1_E_WAS_mean = 0.004785679220911279
B_L1_E_WAT_STD = -0.0001030821689769863
B_L1_E_WAT_mean = -2.1476213642780396e-05
B_L1_G_CSR_STD = -11.744850083698406
B_L1_G_CSR_mean = 4.5136247999976735
B_L1_G_MGS_STD = 4.593227663387791
B_L1_G_MGS_mean = 2.5161695683523018
B_L1_S_HRS_STD = -9.77825559950251
B_L1_S_HRS_mean = -0.27126078008574933
B_L1_S_WFS_STD = -3.780310257040949
B_L1_S_WFS_mean = 0.4127857855205592
B_L2_E_STD = -1.7397453180766622
B_L2_E_mean = 0.8428615289933286
B_L2_G_STD = -1.2689720262076125
B_L2_G_mean = 0.30194504185967747
B_L2_STD = 1.6670377462827315
B_L2_S_STD = 0.2381298210911199
B_L2_S_mean = 1.1716819873621878
B_L2_mean = -2.1505776940279815
B_L3_E_Imp_STD = 14.973403353828983
B_L3_E_Imp_mean = -3.9089538244278113
B_L3_G_Imp_STD = 10.551220796350353
B_L3_G_Imp_mean = -6.044318836805028
B_L3_STD = 7.441405411285422
B_L3_S_Imp_STD = 5.75238537978087
B_L3_S_Imp_mean = -4.729660226686515
B_L3_mean = 9.94411342279839
B_L4_E_Green_STD = 13.265076543795715
B_L4_E_Green_mean = -0.516552781243277
B_L4_E_Yellow_STD = -10.14617080352441
B_L4_E_Yellow_mean = 2.615629686918532
B_L4_G_Green_STD = 3.593849019279749
B_L4_G_Green_mean = 7.955167128831917
B_L4_G_Yellow_STD = -17.019865420079235
B_L4_G_Yellow_mean = 3.0266139248485753
B_L4_STD = -5.207520388057161
B_L4_S_Green_STD = 6.16541461864684
B_L4_S_Green_mean = 2.589476865560661
B_L4_S_Yellow_STD = -9.04232423865673
B_L4_S_Yellow_mean = 3.872600829107338
B_L4_mean = 0.4559870117025898
B_MAT_OC_STD = 2.2717371037756164
B_MAT_OC_mean = -1.4772622310303531
B_MAT_PE_STD = 10.226741487585334
B_MAT_PE_mean = -6.165252523045995
B_MAT_RM_STD = 6.719928231502348
B_MAT_RM_mean = 0.3178944975515372
B_MAT_WO_STD = -2.278021608164397
B_MAT_WO_mean = -0.14692320361088237
B_PRICE_STD = -0.18647937641392343
B_PRICE_mean = -0.2867997003615433
B_Q_HIGH_STD = -9.084441295799314
B_Q_HIGH_mean = 6.836219979495935
B_Q_MED_STD = -9.066814844022044
B_Q_MED_mean = 4.366230399306813
