A1_ASC = 0.5267307221761157
A3_ASC = -6.511566649993164
B_COM_A_G_STD = 10.786559035357358
B_COM_A_G_mean = 5.373753669030452
B_COM_BGD_STD = 9.687795353104544
B_COM_BGD_mean = -1.1062488842518996
B_COM_EUR_mean = 3.653062428958246
B_COM_VNM_STD = -8.432932428630096
B_COM_VNM_mean = -2.298546831593482
B_L1_E_CO2_STD = -0.041721487645218464
B_L1_E_CO2_mean = 0.05160704901721189
B_L1_E_ENE_STD = -0.010085409938037748
B_L1_E_ENE_mean = -0.021766950637973025
B_L1_E_WAS_STD = 0.0038427146439311962
B_L1_E_WAS_mean = 0.00018256768069554462
B_L1_E_WAT_STD = 0.00014690478332409323
B_L1_E_WAT_mean = -0.00017643840534680566
B_L1_G_CSR_STD = -4.2047803099447165
B_L1_G_CSR_mean = 3.335821800721829
B_L1_G_MGS_STD = -8.910647902629638
B_L1_G_MGS_mean = 8.396318473425119
B_L1_S_HRS_STD = -0.6536723113558749
B_L1_S_HRS_mean = -1.19924291955754
B_L1_S_WFS_STD = -4.2153746750862195
B_L1_S_WFS_mean = 5.2234839660714245
B_L2_E_STD = 0.22477903303686325
B_L2_E_mean = 1.1102914216965005
B_L2_G_STD = 0.8527079116862704
B_L2_G_mean = 0.6634510130627619
B_L2_STD = 4.156103222715118
B_L2_S_STD = 0.6240773787961891
B_L2_S_mean = 0.9302765308609791
B_L2_mean = -8.924292573741287
B_L3_E_Imp_STD = 4.310419386190945
B_L3_E_Imp_mean = -9.084253886264122
B_L3_G_Imp_STD = 19.540140165432152
B_L3_G_Imp_mean = -10.21537105816343
B_L3_STD = 7.57244911517472
B_L3_S_Imp_STD = 19.275377021771906
B_L3_S_Imp_mean = -3.576653540522024
B_L3_mean = 5.975933171926385
B_L4_E_Green_STD = 4.936146223709415
B_L4_E_Green_mean = 1.6489470814753755
B_L4_E_Yellow_STD = 0.9636377969068115
B_L4_E_Yellow_mean = 2.161436954162948
B_L4_G_Green_STD = 3.681965390619402
B_L4_G_Green_mean = 2.4601209117882394
B_L4_G_Yellow_STD = 1.0184986686420914
B_L4_G_Yellow_mean = -3.8325437298662752
B_L4_STD = -12.053939548925374
B_L4_S_Green_STD = -9.857211702554757
B_L4_S_Green_mean = 0.9894027167775141
B_L4_S_Yellow_STD = 2.22225298424148
B_L4_S_Yellow_mean = 4.3608069907946225
B_L4_mean = 2.7750912011922146
B_MAT_OC_STD = 4.452789338100331
B_MAT_OC_mean = 0.594440612749699
B_MAT_PE_STD = 20.318550732712822
B_MAT_PE_mean = -5.905467486539954
B_MAT_RM_STD = -6.527650802564568
B_MAT_RM_mean = -2.1282502569491473
B_MAT_WO_STD = 11.454321273599229
B_MAT_WO_mean = -2.1429084029470817
B_PRICE_STD = -0.1712191039047359
B_PRICE_mean = -0.14544603836407816
B_Q_HIGH_STD = -11.62825547996184
B_Q_HIGH_mean = 6.548926998884544
B_Q_MED_STD = -10.658153395918637
B_Q_MED_mean = 6.299866895656322
