A1_ASC = -1.0888053014772974
A3_ASC = -6.522075370807743
B_COM_A_G_STD = 11.840928450555884
B_COM_A_G_mean = 7.986319183816943
B_COM_BGD_STD = -11.746319138892263
B_COM_BGD_mean = -1.1542003554770455
B_COM_EUR_STD = -9.471152454154488
B_COM_EUR_mean = 10.309984999974711
B_COM_VNM_STD = 24.770593808930723
B_COM_VNM_mean = 0.2232725022963828
B_L1_E_CO2_STD = 0.016994875370114113
B_L1_E_CO2_mean = -0.01699730905878288
B_L1_E_ENE_STD = 0.009639151903980054
B_L1_E_ENE_mean = -0.00033561511451527676
B_L1_E_WAS_STD = -0.006282110568012351
B_L1_E_WAS_mean = 0.003818253289705184
B_L1_E_WAT_mean = -3.065291041310554e-05
B_L1_G_CSR_STD = -3.05572274472237
B_L1_G_CSR_mean = 2.173139010607755
B_L1_G_MGS_STD = -13.276245333033302
B_L1_G_MGS_mean = 3.3508592790381315
B_L1_S_HRS_STD = -3.9546796375094218
B_L1_S_HRS_mean = 5.037251199090819
B_L1_S_WFS_STD = -0.40417978180709946
B_L1_S_WFS_mean = -3.334655466296399
B_L2_E_STD = -1.5788065034678729
B_L2_E_mean = 0.9399284469102293
B_L2_G_STD = 1.5556284175126363
B_L2_G_mean = 0.20435207842417086
B_L2_STD = -9.162524076378006
B_L2_S_STD = -2.593995732786725
B_L2_S_mean = 0.7824204554173743
B_L2_mean = 3.5055658018566933
B_L3_E_Imp_STD = -13.902120619462414
B_L3_E_Imp_mean = -5.69673903663514
B_L3_G_Imp_STD = -7.870884350598868
B_L3_G_Imp_mean = -6.429589228949824
B_L3_STD = 1.0572050497403562
B_L3_S_Imp_STD = 0.9605390508554055
B_L3_S_Imp_mean = -9.737690352426743
B_L3_mean = 8.862137048492661
B_L4_E_Green_STD = -9.45681653214882
B_L4_E_Green_mean = 7.865268975653774
B_L4_E_Yellow_mean = 10.109481989623388
B_L4_G_Green_STD = 10.25287549578078
B_L4_G_Green_mean = 8.84595054019612
B_L4_G_Yellow_STD = 13.454595331190534
B_L4_G_Yellow_mean = 1.3649306613852394
B_L4_STD = -18.19287677477065
B_L4_S_Green_STD = -7.057669141029034
B_L4_S_Green_mean = 11.377431316311773
B_L4_S_Yellow_STD = -13.027644964546145
B_L4_S_Yellow_mean = 7.8469179763075365
B_L4_mean = -11.983200465389864
B_MAT_OC_STD = -24.520810525433152
B_MAT_OC_mean = 6.036308418468938
B_MAT_PE_STD = -15.54700083159133
B_MAT_PE_mean = -5.45272218534328
B_MAT_RM_STD = -7.656905330230502
B_MAT_RM_mean = -0.6748172675213602
B_MAT_WO_mean = -2.706147568728743
B_PRICE_STD = 0.049324370368952326
B_PRICE_mean = -0.04723030524852667
B_Q_HIGH_STD = 5.657637816954862
B_Q_HIGH_mean = 8.327242857926237
B_Q_MED_STD = 13.559287368480565
B_Q_MED_mean = 8.764281402161085
