A1_ASC = 0.014943086721470059
A3_ASC = -2.333823023503688
B_COM_A_G_STD = 0.96297303146832
B_COM_A_G_mean = 1.1380288435617636
B_COM_BGD_STD = -1.0066598036541061
B_COM_BGD_mean = 0.01811191198416699
B_COM_EUR_STD = -0.6000508523145669
B_COM_EUR_mean = 0.6370625624988155
B_COM_VNM_STD = -1.157452785635568
B_COM_VNM_mean = -0.1267812245426323
B_MAT_OC_STD = 0.5794121981198953
B_MAT_OC_mean = -0.01172032674113862
B_MAT_PE_STD = -1.1540502317766417
B_MAT_PE_mean = -1.014525614297311
B_MAT_RM_STD = 0.4985292182044395
B_MAT_RM_mean = -0.3868702113958278
B_MAT_WO_STD = 0.9323711627456159
B_MAT_WO_mean = -0.49398290369677567
B_PRICE_STD = 0.019404228718765227
B_PRICE_mean = -0.022769427185450476
B_Q_HIGH_STD = -1.1856878874036925
B_Q_HIGH_mean = 1.5395196159771791
B_Q_MED_STD = -0.7022236795123722
B_Q_MED_mean = 0.8421367048366327
