A1_ASC = 0.012176069928572538
A3_ASC = -3.187759431905403
B_COM_A_G_STD = 2.057566125129156
B_COM_A_G_mean = 1.3475844928296554
B_COM_BGD_STD = 1.0861045255659567
B_COM_BGD_mean = 0.16398701456772447
B_COM_EUR_STD = 1.456408744140998
B_COM_EUR_mean = 0.7039579228442508
B_COM_VNM_STD = -1.8023048569546598
B_COM_VNM_mean = 0.27367134712027286
B_MAT_OC_STD = -0.2326563149696253
B_MAT_OC_mean = 0.3520327705802903
B_MAT_PE_STD = 1.3591841842793655
B_MAT_PE_mean = -0.968121845942227
B_MAT_RM_STD = -0.48980078068305344
B_MAT_RM_mean = -0.45319322398370493
B_MAT_WO_STD = -1.4599641043154221
B_MAT_WO_mean = -0.6536367766967736
B_PRICE_STD = 0.02179597905776805
B_PRICE_mean = -0.02780573576103852
B_Q_HIGH_STD = 1.4733907462412674
B_Q_HIGH_mean = 1.7885520543757079
B_Q_MED_STD = 0.040066110039951204
B_Q_MED_mean = 0.7804176561728324
