A1_ASC = -0.1993889457989547
A3_ASC = -1.766351122973832
B_COM_A_G_mean = 1.395503129046874
B_COM_EUR_STD = 2.374722380957256
B_COM_EUR_mean = 1.2714772545813335
B_COM_VNM_STD = 2.115681034830121
B_COM_VNM_mean = -0.13439927040448377
B_MAT_OC_mean = 0.5787558338004722
B_MAT_PE_mean = -1.2563054538481875
B_MAT_RM_STD = 2.1777423441490917
B_MAT_RM_mean = -0.09057300204820863
B_PRICE_STD = 0.006637703268163022
B_PRICE_mean = -0.0067120046660293226
B_Q_HIGH_STD = 1.9909399934381735
B_Q_HIGH_mean = 1.5939814128831828
B_Q_MED_STD = -1.3012085530020439
B_Q_MED_mean = 1.0060072279738297
