A1_ASC = -2.1310507234080083
A3_ASC = -12.63242725928136
B_COM_A_G_STD = 28.939785115238042
B_COM_A_G_mean = 11.937486269618303
B_COM_BGD_STD = -16.212459366777054
B_COM_BGD_mean = -2.172787030394101
B_COM_EUR_STD = -20.26190209256609
B_COM_EUR_mean = 18.366863803157386
B_COM_VNM_STD = 43.88956844542504
B_COM_VNM_mean = -3.2272286799158763
B_L1_E_CO2_STD = 0.044015240816506596
B_L1_E_CO2_mean = -0.06997590446853827
B_L1_E_ENE_STD = 0.010880059483653285
B_L1_E_ENE_mean = 0.0581918519439419
B_L1_E_WAS_STD = -0.010294696386703977
B_L1_E_WAS_mean = 0.005623089815021425
B_L1_E_WAT_mean = -9.397121656901512e-05
B_L1_G_CSR_STD = -5.198969964157382
B_L1_G_CSR_mean = -4.312211877140065
B_L1_G_MGS_STD = -17.228266692805924
B_L1_G_MGS_mean = 4.901214549813205
B_L1_S_HRS_STD = 5.992030296573775
B_L1_S_HRS_mean = 9.327610280995088
B_L1_S_WFS_mean = -4.98903722370972
B_L2_E_STD = -3.2003686124930995
B_L2_E_mean = 1.6562343426857045
B_L2_G_STD = 3.0961291349105973
B_L2_G_mean = 0.6422354858152872
B_L2_STD = -7.284067245589231
B_L2_S_STD = -4.814060872934265
B_L2_S_mean = 2.8756918258555824
B_L2_mean = 1.1741378495802004
B_L3_E_Imp_STD = -42.75256176624551
B_L3_E_Imp_mean = -10.748903782276379
B_L3_G_Imp_STD = -21.641048787458285
B_L3_G_Imp_mean = -17.72101298415228
B_L3_STD = 2.435190795132852
B_L3_S_Imp_STD = -1.408262551248828
B_L3_S_Imp_mean = -16.617874427608733
B_L3_mean = 19.927462759145573
B_L4_E_Green_STD = -8.811410140277014
B_L4_E_Green_mean = 22.466654601829546
B_L4_E_Yellow_mean = 20.28122294574733
B_L4_G_Green_STD = 14.381856512380017
B_L4_G_Green_mean = 17.577642776581722
B_L4_G_Yellow_STD = 37.035966448815856
B_L4_G_Yellow_mean = 7.757026483662827
B_L4_STD = -46.483885245600646
B_L4_S_Green_STD = 1.1987985308145483
B_L4_S_Green_mean = 19.94446691194656
B_L4_S_Yellow_STD = 7.531845175993652
B_L4_S_Yellow_mean = 4.1241386824935855
B_L4_mean = -17.175398535111604
B_MAT_OC_STD = -53.245301857240904
B_MAT_OC_mean = 14.678044543849543
B_MAT_PE_STD = -33.237773936805766
B_MAT_PE_mean = -12.222559858284846
B_MAT_RM_STD = -21.538098307072982
B_MAT_RM_mean = -1.6335546533316072
B_MAT_WO_mean = -4.463516926935452
B_PRICE_STD = 0.1053290624426047
B_PRICE_mean = -0.09484208997466705
B_Q_HIGH_STD = 7.253764791931609
B_Q_HIGH_mean = 15.890096402168956
B_Q_MED_STD = 27.26432932047919
B_Q_MED_mean = 15.201237892916007
