A1_ASC = 1.8268663017704931
A3_ASC = -13.842049177704968
B_COM_A_G_STD = -14.92981390295639
B_COM_A_G_mean = 12.743273669099633
B_COM_BGD_STD = 21.6370062394988
B_COM_BGD_mean = 1.2068859369551328
B_COM_EUR_STD = 7.507750491597001
B_COM_EUR_mean = 7.598413650711405
B_COM_VNM_STD = -21.716655451387826
B_COM_VNM_mean = 2.49267720675569
B_L1_E_CO2_STD = -5.607275721070741
B_L1_E_CO2_mean = -5.1123079262530995
B_L1_E_ENE_STD = 0.5619448900653242
B_L1_E_ENE_mean = 3.775303384298201
B_L1_E_WAS_STD = 0.2274136619749878
B_L1_E_WAS_mean = 0.44407785695728474
B_L1_E_WAT_STD = 0.009475105642617233
B_L1_E_WAT_mean = 0.004362630997764712
B_L1_G_CSR_STD = 0.5240975718698413
B_L1_G_CSR_mean = 8.763741209501973
B_L1_G_MGS_STD = 12.310046703193054
B_L1_G_MGS_mean = 7.251686990899302
B_L1_S_HRS_STD = 14.840722717867061
B_L1_S_HRS_mean = -1.3509988831493998
B_L1_S_WFS_STD = 4.820044872244656
B_L1_S_WFS_mean = -10.559169803686578
B_L2_E_STD = 0.3007758100720458
B_L2_E_mean = 3.224235444818941
B_L2_G_STD = -4.271008847194538
B_L2_G_mean = 0.8923251349105669
B_L2_STD = 10.582822934190107
B_L2_S_STD = -4.66655126827719
B_L2_S_mean = 3.3572308444711925
B_L2_mean = -13.807963259925039
B_L3_E_Imp_STD = 4.327088991872886
B_L3_E_Imp_mean = -20.424003608953594
B_L3_G_Imp_STD = 15.522045729747603
B_L3_G_Imp_mean = -4.307872747852063
B_L3_STD = -0.4340095385947762
B_L3_S_Imp_STD = -0.7187315227206256
B_L3_S_Imp_mean = -0.5722762942723505
B_L3_mean = 27.977592899551762
B_L4_E_Green_STD = -14.375228791831557
B_L4_E_Green_mean = 8.737778936107965
B_L4_E_Yellow_STD = -2.2701366286885887
B_L4_E_Yellow_mean = 1.8536316898553826
B_L4_G_Green_STD = -15.093223390836169
B_L4_G_Green_mean = 0.4947078166521046
B_L4_G_Yellow_STD = 2.4315103475094317
B_L4_G_Yellow_mean = -10.024153610652235
B_L4_STD = 12.050866313812268
B_L4_S_Green_STD = 4.827177027586188
B_L4_S_Green_mean = 5.879730258647595
B_L4_S_Yellow_STD = -29.27192260672567
B_L4_S_Yellow_mean = 1.4982851057376587
B_L4_mean = 16.807117698851872
B_MAT_OC_STD = 5.768897293976346
B_MAT_OC_mean = 0.8626979711756345
B_MAT_PE_STD = 12.206330400297787
B_MAT_PE_mean = -11.067940658033793
B_MAT_RM_STD = -32.57568705009562
B_MAT_RM_mean = -8.634485617637536
B_MAT_WO_STD = 19.965729185399137
B_MAT_WO_mean = -1.466914420037746
B_PRICE_STD = 2.100872576531543
B_PRICE_mean = -3.1182222004494693
B_Q_HIGH_STD = 34.05749050663918
B_Q_HIGH_mean = 12.125195429152633
B_Q_MED_STD = 15.143422927663828
B_Q_MED_mean = 5.74798964239265
