A1_ASC = 5.640886569481633
A3_ASC = -25.426224749069522
B_COM_A_G_STD = -55.81800584519023
B_COM_A_G_mean = 28.258312630468637
B_COM_BGD_STD = 54.47088169822932
B_COM_BGD_mean = -6.392294084678025
B_COM_EUR_STD = -38.41661198399528
B_COM_EUR_mean = 18.377992531919215
B_COM_VNM_STD = 37.31506229373431
B_COM_VNM_mean = -4.0665101749373616
B_L1_E_CO2_STD = -1.393409220088523
B_L1_E_CO2_mean = -6.1292438842370185
B_L1_E_ENE_STD = 1.5219876295369956
B_L1_E_ENE_mean = 9.891880685886347
B_L1_E_WAS_STD = 0.4542861592856478
B_L1_E_WAS_mean = 1.488887200232631
B_L1_E_WAT_STD = -0.09219316273758331
B_L1_E_WAT_mean = 0.009562755741676848
B_L1_G_CSR_STD = -38.242050378825205
B_L1_G_CSR_mean = 16.08886510512364
B_L1_G_MGS_STD = -63.22754899897024
B_L1_G_MGS_mean = 12.221483142387035
B_L1_S_HRS_STD = -14.238370994443658
B_L1_S_HRS_mean = -17.313609155485917
B_L1_S_WFS_STD = -45.4478240732379
B_L1_S_WFS_mean = -36.01008903294772
B_L2_E_STD = 3.2768327116278604
B_L2_E_mean = 7.033976245201751
B_L2_G_STD = -8.853402294490405
B_L2_G_mean = 1.3382921242386485
B_L2_STD = 69.70591309821835
B_L2_S_STD = 1.9622721647318877
B_L2_S_mean = 7.634678039428575
B_L2_mean = -20.274802786839015
B_L3_E_Imp_STD = -43.85628223119622
B_L3_E_Imp_mean = -41.37377592337429
B_L3_G_Imp_STD = 6.35986881968467
B_L3_G_Imp_mean = -14.903148506165367
B_L3_STD = -20.993325448377227
B_L3_S_Imp_STD = 36.121914991853416
B_L3_S_Imp_mean = -19.92637809836177
B_L3_mean = 64.77546680642958
B_L4_E_Green_STD = 5.308023568808991
B_L4_E_Green_mean = 22.14132699534327
B_L4_E_Yellow_STD = 7.563380589475707
B_L4_E_Yellow_mean = 3.6949520347639435
B_L4_G_Green_STD = -20.084218016930357
B_L4_G_Green_mean = 16.600987541795714
B_L4_G_Yellow_STD = -50.87783420695643
B_L4_G_Yellow_mean = -0.06150222980301334
B_L4_STD = -6.62945443193385
B_L4_S_Green_STD = -9.608625273598344
B_L4_S_Green_mean = 5.678523905425833
B_L4_S_Yellow_STD = 28.043140670208185
B_L4_S_Yellow_mean = -0.39681061269374895
B_L4_mean = 30.208259980953734
B_MAT_OC_STD = -14.805863573951276
B_MAT_OC_mean = 9.281644515593046
B_MAT_PE_STD = 23.12245666986442
B_MAT_PE_mean = -22.093225338476866
B_MAT_RM_STD = -80.34248856115354
B_MAT_RM_mean = -9.992619112026516
B_MAT_WO_STD = -8.093707582271692
B_MAT_WO_mean = 4.188245460412168
B_PRICE_STD = -5.157823940715217
B_PRICE_mean = -7.064882109595662
B_Q_HIGH_STD = 32.90817355568102
B_Q_HIGH_mean = 20.910602780938902
B_Q_MED_STD = -20.404821859386324
B_Q_MED_mean = 13.811222962250358
