A1_ASC = 0.2498000034947381
A3_ASC = -0.07209542981355571
B_COM_A_G_STD = 0.9939239342553124
B_COM_A_G_mean = 1.0272976828050402
B_COM_BGD_STD = -0.15662769231833457
B_COM_BGD_mean = 0.40129525941361416
B_COM_EUR_STD = -0.11202888716958202
B_COM_EUR_mean = 0.8227446591465913
B_COM_VNM_STD = 1.7671547784413528
B_COM_VNM_mean = 0.14627092754396673
B_L1_E_CO2_STD = 0.01600740972389392
B_L1_E_CO2_mean = -0.0029379958085784153
B_L1_E_ENE_STD = -0.011659083203952224
B_L1_E_ENE_mean = 0.011254148483572477
B_L1_E_WAS_STD = -0.008904980882117998
B_L1_E_WAS_mean = 0.0035187911291800072
B_L1_E_WAT_STD = 0.0003919734437268107
B_L1_E_WAT_mean = 7.61878003664483e-05
B_L1_G_CSR_STD = -1.4733806100784457
B_L1_G_CSR_mean = 0.9697018873627882
B_L1_G_MGS_STD = -1.1340153525775043
B_L1_G_MGS_mean = 0.4556979043318716
B_L1_S_HRS_STD = 0.20933288956396967
B_L1_S_HRS_mean = -0.23015838132519012
B_L1_S_WFS_STD = -0.21761995548826454
B_L1_S_WFS_mean = 0.523180439033464
B_L2_E_STD = -0.26086503858085025
B_L2_E_mean = 0.22814892713209664
B_L2_G_STD = 0.15004853789437317
B_L2_G_mean = 0.10433537776059534
B_L2_STD = 0.02426391190156722
B_L2_S_STD = -0.06748045313020058
B_L2_S_mean = 0.21056730668044943
B_L2_mean = -0.2785344370613182
B_L3_E_Imp_STD = -2.924128620067456
B_L3_E_Imp_mean = -0.8851415533712949
B_L3_G_Imp_STD = -0.14751030645835148
B_L3_G_Imp_mean = -1.1517773731872085
B_L3_STD = 0.9028736732931479
B_L3_S_Imp_STD = -0.9033259989213744
B_L3_S_Imp_mean = -0.7815109664898462
B_L3_mean = 2.5107143787657336
B_L4_E_Green_STD = -1.804972934560086
B_L4_E_Green_mean = -0.4210549758035819
B_L4_E_Yellow_STD = 2.055818896384402
B_L4_E_Yellow_mean = 0.1464771872343786
B_L4_G_Green_STD = -0.05076631324124049
B_L4_G_Green_mean = 2.198285010669126
B_L4_G_Yellow_STD = 2.2874505454037335
B_L4_G_Yellow_mean = 0.8803661090435609
B_L4_STD = 0.16828469714395894
B_L4_S_Green_STD = -0.0364135182609037
B_L4_S_Green_mean = 0.722823114787848
B_L4_S_Yellow_STD = -2.3811840769666106
B_L4_S_Yellow_mean = 1.0135375709366037
B_L4_mean = 0.22333847499339513
B_MAT_OC_STD = 0.31793866593610354
B_MAT_OC_mean = -0.39122816193469373
B_MAT_PE_STD = 1.234167956131968
B_MAT_PE_mean = -1.3705300560030012
B_MAT_RM_STD = -1.4196121061572702
B_MAT_RM_mean = -0.07483809125335787
B_MAT_WO_STD = -0.35808070805164754
B_MAT_WO_mean = -0.12534801763786335
B_PRICE_STD = -0.04572090126001048
B_PRICE_mean = -0.05818813912348895
B_Q_HIGH_STD = 0.9121672916041483
B_Q_HIGH_mean = 1.1544205539960954
B_Q_MED_STD = 1.5567813159596635
B_Q_MED_mean = 0.9624504574517265
