A1_ASC = 0.19198468727015766
A3_ASC = -1.8450761249250962
B_COM_A_G_STD = 0.8148213334785631
B_COM_A_G_mean = 1.1258771167866826
B_COM_BGD_STD = 0.32815706309147435
B_COM_BGD_mean = 0.12703678805340105
B_COM_EUR_STD = 0.10510946046832922
B_COM_EUR_mean = 0.9163914388445344
B_COM_VNM_STD = 0.82049518222464
B_COM_VNM_mean = 0.28611315132983084
B_MAT_OC_STD = -1.1528187972103943
B_MAT_OC_mean = 0.0858640652618261
B_MAT_PE_STD = 1.6420237652907368
B_MAT_PE_mean = -1.2011759384982632
B_MAT_RM_STD = -0.6896364964891412
B_MAT_RM_mean = 0.08620256388766837
B_MAT_WO_STD = -0.21857196638386311
B_MAT_WO_mean = -0.22669931998376905
B_PRICE_STD = 0.0393921055633408
B_PRICE_mean = -0.054418898748445306
B_Q_HIGH_STD = 0.6718324587985522
B_Q_HIGH_mean = 1.0827976462940747
B_Q_MED_STD = -0.31421239629439246
B_Q_MED_mean = 0.6950220681257525
