A1_ASC = 0.34853929341580436
A3_ASC = -6.4776384251278
B_COM_A_G_STD = -5.682174626510502
B_COM_A_G_mean = 4.409567567094898
B_COM_BGD_STD = -4.4454945677570965
B_COM_BGD_mean = -1.8325737740114678
B_COM_EUR_mean = 1.824386103415487
B_COM_VNM_STD = 3.618460292331341
B_COM_VNM_mean = -1.4807973886645518
B_L1_E_CO2_STD = 0.18314427256858942
B_L1_E_CO2_mean = 0.08680488782554803
B_L1_E_ENE_STD = 0.029474162395958316
B_L1_E_ENE_mean = -0.01832964674286553
B_L1_E_WAS_STD = 0.004263420782070104
B_L1_E_WAS_mean = -0.0006570389928842765
B_L1_E_WAT_STD = -0.00028363817346316306
B_L1_E_WAT_mean = -9.026354972948253e-05
B_L1_G_CSR_STD = -5.686275680847989
B_L1_G_CSR_mean = 0.8055589069719208
B_L1_G_MGS_STD = -8.925104198765045
B_L1_G_MGS_mean = 4.438146872049026
B_L1_S_WFS_STD = 4.9067751439015135
B_L1_S_WFS_mean = 2.36327621996554
B_L2_E_mean = 0.9270892022731532
B_L2_G_STD = 0.29447405238561813
B_L2_G_mean = 0.7936834057634786
B_L2_STD = -5.754409663771351
B_L2_S_STD = 0.4234467252424155
B_L2_S_mean = 0.8186537948033789
B_L2_mean = -10.385384661360552
B_L3_E_Imp_STD = -19.20375341585067
B_L3_E_Imp_mean = -8.37751301298272
B_L3_G_Imp_STD = 14.428742077638201
B_L3_G_Imp_mean = -6.476864115135469
B_L3_STD = -1.4474337567282758
B_L3_S_Imp_STD = 10.892813178658642
B_L3_S_Imp_mean = -4.041694404794178
B_L3_mean = 2.513958248392183
B_L4_E_Green_STD = 5.306806490992187
B_L4_E_Green_mean = 1.4678400578897615
B_L4_E_Yellow_mean = 2.610073471437033
B_L4_G_Green_mean = 2.415281000434913
B_L4_G_Yellow_mean = -3.6409383851186483
B_L4_STD = 9.803210765646217
B_L4_S_Green_STD = -6.327102609940863
B_L4_S_Green_mean = -0.3938071810506475
B_L4_S_Yellow_STD = -0.9911720611821178
B_L4_S_Yellow_mean = 3.506315604964553
B_L4_mean = 1.0595846281311934
B_MAT_OC_mean = 0.923212317311386
B_MAT_PE_STD = 18.329557958029444
B_MAT_PE_mean = -4.670867782228317
B_MAT_RM_STD = -6.9869825845930515
B_MAT_RM_mean = -1.457467617884563
B_MAT_WO_STD = 7.254902249450628
B_MAT_WO_mean = -1.8187159355941822
B_PRICE_STD = -0.15287657797770193
B_PRICE_mean = -0.09717457652464333
B_Q_HIGH_STD = 10.079163911638265
B_Q_HIGH_mean = 6.713343290493864
B_Q_MED_STD = 0.19028822883768526
B_Q_MED_mean = 5.054496014586307
