A1_ASC = 0.1286827030909844
A3_ASC = -12.518695522695243
B_COM_A_G_STD = 28.972038832130846
B_COM_A_G_mean = 9.401710596127032
B_COM_BGD_STD = -12.75155923531094
B_COM_BGD_mean = -6.702055507444676
B_COM_EUR_STD = -33.99415897024643
B_COM_EUR_mean = 8.403162640275413
B_COM_VNM_STD = 7.403405176390961
B_COM_VNM_mean = -2.9965793968407914
B_L1_E_CO2_STD = 0.0849650679893698
B_L1_E_CO2_mean = -0.0590195305350298
B_L1_E_ENE_STD = 0.03790047817085344
B_L1_E_ENE_mean = 0.11547070932393688
B_L1_E_WAS_STD = -0.0025871536685647656
B_L1_E_WAS_mean = -0.0019574616587304636
B_L1_E_WAT_STD = -0.00046596503915669746
B_L1_E_WAT_mean = -0.0003552323579268391
B_L1_G_CSR_STD = 18.68161990368252
B_L1_G_CSR_mean = -15.085483815970896
B_L1_G_MGS_STD = 9.996571594889705
B_L1_G_MGS_mean = 3.963313897656874
B_L1_S_HRS_STD = -10.120371937936223
B_L1_S_HRS_mean = 10.333022935602619
B_L1_S_WFS_STD = 3.64568757400864
B_L1_S_WFS_mean = 7.112975029781123
B_L2_E_STD = -2.4196582861814817
B_L2_E_mean = 1.5380662050849307
B_L2_G_STD = -4.848144000237342
B_L2_G_mean = 1.8755813446059721
B_L2_STD = 1.9439173241438172
B_L2_S_STD = -0.27573576509054315
B_L2_S_mean = 0.3113763275487263
B_L2_mean = 11.249004968646458
B_L3_E_Imp_STD = -4.381529990023006
B_L3_E_Imp_mean = -17.343927259549044
B_L3_G_Imp_STD = -5.4453155561194135
B_L3_G_Imp_mean = 0.24870918792596053
B_L3_STD = 22.644606998656467
B_L3_S_Imp_STD = -21.011055690290693
B_L3_S_Imp_mean = -17.05346222582775
B_L3_mean = 26.6789685021079
B_L4_E_Green_STD = -24.872044579239898
B_L4_E_Green_mean = 4.436549484505462
B_L4_E_Yellow_STD = -1.890824221711473
B_L4_E_Yellow_mean = 6.634471826772846
B_L4_G_Green_STD = -29.12968032998509
B_L4_G_Green_mean = 6.392023770205851
B_L4_G_Yellow_STD = 0.7774768886424062
B_L4_G_Yellow_mean = 9.82803486824614
B_L4_STD = 21.2562793829157
B_L4_S_Green_STD = -14.968067835251265
B_L4_S_Green_mean = 1.7469558355500299
B_L4_S_Yellow_STD = -4.400004949503621
B_L4_S_Yellow_mean = 10.225284480999843
B_L4_mean = 8.809826666730523
B_MAT_OC_STD = 24.509281687629294
B_MAT_OC_mean = 4.671951582951164
B_MAT_PE_STD = -17.906634998991784
B_MAT_PE_mean = -1.5739491307519164
B_MAT_RM_STD = -13.473261723876195
B_MAT_RM_mean = -0.8677888771793789
B_MAT_WO_STD = -7.571293722429219
B_MAT_WO_mean = 4.61334489793086
B_PRICE_STD = 0.0626387979116605
B_PRICE_mean = -0.07111634234587379
B_Q_HIGH_STD = -49.671459734678365
B_Q_HIGH_mean = 9.905407964426743
B_Q_MED_STD = 26.858027778651174
B_Q_MED_mean = 10.177172748589483
