A1_ASC = 0.20595703619613143
A3_ASC = -1.402337535041126
B_COM_A_G_STD = 2.397196684273018
B_COM_A_G_mean = 1.1120987524308479
B_COM_BGD_STD = 0.7132293775513486
B_COM_BGD_mean = -0.15631554990409746
B_COM_EUR_STD = 0.4097573440007189
B_COM_EUR_mean = 0.8983498900531954
B_COM_VNM_STD = 0.12698556534064329
B_COM_VNM_mean = 0.024769418741795557
B_L1_E_CO2_STD = 0.0030354987471473876
B_L1_E_CO2_mean = 0.01949380245987379
B_L1_E_ENE_STD = 0.007764590744365934
B_L1_E_ENE_mean = -0.008607476367243195
B_L1_E_WAS_STD = 0.0005488806079958554
B_L1_E_WAS_mean = 0.00040306823831461806
B_L1_E_WAT_STD = -6.0756342602594276e-05
B_L1_E_WAT_mean = -8.040286237802084e-06
B_L1_G_CSR_STD = -0.7276403734919924
B_L1_G_CSR_mean = 0.6891994889978863
B_L1_G_MGS_STD = 1.825764338031302
B_L1_G_MGS_mean = 1.6373130785006147
B_L1_S_HRS_STD = -0.22524516916511572
B_L1_S_HRS_mean = -0.03313579633842406
B_L1_S_WFS_STD = -0.9948639344469757
B_L1_S_WFS_mean = 1.0776605119248657
B_L2_E_STD = 0.19764854126620668
B_L2_E_mean = 0.2204665091303713
B_L2_G_STD = 0.03126604577810453
B_L2_G_mean = 0.1152552682481257
B_L2_STD = 0.4131360787568382
B_L2_S_STD = 0.024166245269054254
B_L2_S_mean = 0.19315933248205033
B_L2_mean = -1.7623508219214077
B_L3_E_Imp_STD = -4.189686314561833
B_L3_E_Imp_mean = -1.9743135037762658
B_L3_G_Imp_STD = -3.7989205511611646
B_L3_G_Imp_mean = -1.327257702176163
B_L3_STD = 1.8589984864009397
B_L3_S_Imp_STD = -2.4985722941050397
B_L3_S_Imp_mean = -1.3575055902285735
B_L3_mean = 0.8776380942776298
B_L4_E_Green_STD = 0.5386266328620077
B_L4_E_Green_mean = 0.35683938561060535
B_L4_E_Yellow_STD = 1.3865895693900179
B_L4_E_Yellow_mean = -0.1660175874341407
B_L4_G_Green_STD = 0.5998003554098948
B_L4_G_Green_mean = 0.7586779966242797
B_L4_G_Yellow_STD = -1.535677696407414
B_L4_G_Yellow_mean = -0.8572025777755722
B_L4_STD = 1.4603228656926501
B_L4_S_Green_STD = 0.020667061857942776
B_L4_S_Green_mean = 0.4071420619741612
B_L4_S_Yellow_STD = -0.6295333410129876
B_L4_S_Yellow_mean = 0.5780178189540596
B_L4_mean = 0.4514776489404679
B_MAT_OC_STD = -1.07929825028777
B_MAT_OC_mean = 0.20311114632715394
B_MAT_PE_STD = 4.201861418286141
B_MAT_PE_mean = -0.9875600117486991
B_MAT_RM_STD = 1.330095908681759
B_MAT_RM_mean = -0.3217668080029748
B_MAT_WO_STD = -1.6612644132850036
B_MAT_WO_mean = -0.5653952509149012
B_PRICE_STD = 0.03398059158153719
B_PRICE_mean = -0.028074015366808914
B_Q_HIGH_STD = 2.0891388669388533
B_Q_HIGH_mean = 1.3554020706068763
B_Q_MED_STD = 1.4184999561415852
B_Q_MED_mean = 0.9081473640597837
