A1_ASC = -0.05692196765899835
A3_ASC = -2.3802997905958194
B_COM_A_G_STD = 2.6128317728227435
B_COM_A_G_mean = 1.6023243744579398
B_COM_BGD_STD = 2.674366059351091
B_COM_BGD_mean = -0.20754766575347225
B_COM_EUR_STD = 2.0394100197008918
B_COM_EUR_mean = 2.1649103098721976
B_COM_VNM_STD = 3.839059549235367
B_COM_VNM_mean = -0.23027448801701608
B_L1_E_CO2_STD = -0.00020421318302783683
B_L1_E_CO2_mean = -0.0018756283524680201
B_L1_E_ENE_STD = 0.002721628502945479
B_L1_E_ENE_mean = 0.00016097299822393619
B_L1_E_WAS_STD = -0.0010673152338418314
B_L1_E_WAS_mean = 0.000838970604954636
B_L1_E_WAT_STD = -1.3697482894494317e-05
B_L1_E_WAT_mean = 2.104971317889455e-05
B_L1_G_CSR_STD = 0.2587459271607462
B_L1_G_CSR_mean = -0.7865318398528394
B_L1_G_MGS_STD = -1.2153442937190861
B_L1_G_MGS_mean = 0.4076591739724886
B_L1_S_HRS_STD = 2.31506526642791
B_L1_S_HRS_mean = 0.5148837525689393
B_L1_S_WFS_STD = 0.6422025710660244
B_L1_S_WFS_mean = -0.6713294661942537
B_L2_E_STD = 0.1557552877755327
B_L2_E_mean = 0.19649848476428847
B_L2_G_STD = -0.611465072913805
B_L2_G_mean = 0.025828492224193228
B_L2_STD = 1.2276509842643297
B_L2_S_STD = -0.2332176515788395
B_L2_S_mean = 0.1984667862017208
B_L2_mean = 0.11884058909789681
B_L3_E_Imp_STD = -1.2952699329079989
B_L3_E_Imp_mean = -1.618522191189489
B_L3_G_Imp_STD = -1.4210566197018817
B_L3_G_Imp_mean = -1.255047077299077
B_L3_STD = 0.9691033067152568
B_L3_S_Imp_STD = 3.628956273404426
B_L3_S_Imp_mean = -1.8262663063721163
B_L3_mean = 1.2087082692846502
B_L4_E_Green_STD = -1.8422148776490628
B_L4_E_Green_mean = 2.4099476820245576
B_L4_E_Yellow_STD = -3.4245411749809334
B_L4_E_Yellow_mean = 1.9763303756844748
B_L4_G_Green_STD = 0.7235392484719967
B_L4_G_Green_mean = 2.4998728990777805
B_L4_G_Yellow_STD = -4.377110069313649
B_L4_G_Yellow_mean = 0.7116187720345435
B_L4_STD = -2.6305857639189596
B_L4_S_Green_STD = 0.9919361442657534
B_L4_S_Green_mean = 2.081945374784564
B_L4_S_Yellow_STD = -1.587712097307902
B_L4_S_Yellow_mean = 1.1373268611226748
B_L4_mean = -3.0948162098977026
B_MAT_OC_STD = -5.036762184312196
B_MAT_OC_mean = 1.579509626086661
B_MAT_PE_STD = -3.510378544156863
B_MAT_PE_mean = -1.704074992293004
B_MAT_RM_STD = 1.027556042440187
B_MAT_RM_mean = -0.20798613495232468
B_MAT_WO_STD = 0.023464437435318366
B_MAT_WO_mean = -0.28272557821901184
B_PRICE_STD = 0.011822349579150545
B_PRICE_mean = -0.01087746061608051
B_Q_HIGH_STD = 2.8689235178925028
B_Q_HIGH_mean = 2.084971266414924
B_Q_MED_STD = 1.7151280251011178
B_Q_MED_mean = 1.6058348030124816
