A1_ASC = 0.3119428055426029
A3_ASC = -6.667803932060014
B_COM_A_G_STD = -10.2700794930011
B_COM_A_G_mean = 3.6315698598759107
B_COM_BGD_STD = 4.422730929484747
B_COM_BGD_mean = -2.3079819021738013
B_COM_EUR_mean = 1.3620728866184388
B_COM_VNM_STD = -2.2860586257203526
B_COM_VNM_mean = -0.9961920814869489
B_L1_E_CO2_STD = 0.08935317836441475
B_L1_E_CO2_mean = 0.06545967956486722
B_L1_E_ENE_STD = -0.032369872933193905
B_L1_E_ENE_mean = -0.021183747723157686
B_L1_E_WAS_STD = -0.005156667704707135
B_L1_E_WAS_mean = -0.0012564278128141227
B_L1_E_WAT_STD = -0.0005865065853085977
B_L1_E_WAT_mean = -0.00020111885788602843
B_L1_G_CSR_STD = -9.227300897631403
B_L1_G_CSR_mean = 3.2967407074903976
B_L1_G_MGS_STD = -4.700883093380093
B_L1_G_MGS_mean = 5.143013636439338
B_L1_S_WFS_mean = 3.376697911173127
B_L2_E_STD = -0.4427303007973237
B_L2_E_mean = 0.8707164629692874
B_L2_G_STD = 0.33987924758227406
B_L2_G_mean = 0.6733650721860798
B_L2_STD = 4.189393429333602
B_L2_S_STD = -0.15522093490731123
B_L2_S_mean = 0.6516555790051042
B_L2_mean = -6.9098672539294785
B_L3_E_Imp_STD = 8.368902691183175
B_L3_E_Imp_mean = -6.851766408433879
B_L3_G_Imp_STD = -9.58348117609717
B_L3_G_Imp_mean = -5.346652122525764
B_L3_STD = -2.411001161637296
B_L3_S_Imp_STD = 13.908172071762309
B_L3_S_Imp_mean = -2.777871721131743
B_L3_mean = 4.538610702385188
B_L4_E_Green_STD = 8.999742729148036
B_L4_E_Green_mean = 3.221224264228024
B_L4_G_Green_mean = 4.430125877509546
B_L4_STD = -7.2333635989897465
B_L4_S_Green_STD = 7.130721118887357
B_L4_S_Green_mean = 1.098222129283092
B_L4_S_Yellow_STD = -4.292592557761029
B_L4_S_Yellow_mean = 1.3764127290214503
B_L4_mean = 0.21992117226134408
B_MAT_OC_mean = 0.7598041447030571
B_MAT_PE_STD = -17.569606159580136
B_MAT_PE_mean = -5.564016504152423
B_MAT_RM_STD = -5.847522197154733
B_MAT_RM_mean = -1.0362541304679773
B_MAT_WO_STD = -7.762969108230474
B_MAT_WO_mean = -1.1413974585028017
B_PRICE_STD = 0.17142965043306158
B_PRICE_mean = -0.11961451473604058
B_Q_HIGH_STD = 10.613737837084681
B_Q_HIGH_mean = 5.660864316206049
B_Q_MED_STD = 0.24436829893049533
B_Q_MED_mean = 3.7539260564163146
