A1_ASC = 0.32525213945813014
A3_ASC = -0.22838999686451614
B_COM_A_G_STD = -2.574250772605832
B_COM_A_G_mean = 1.6337028620749714
B_COM_BGD_STD = -1.8023593884151359
B_COM_BGD_mean = -0.11568511384407487
B_COM_EUR_STD = 1.9684687285329252
B_COM_EUR_mean = 0.7633295344960145
B_COM_VNM_STD = 1.2825053390787584
B_COM_VNM_mean = -0.19151513924292324
B_L1_E_CO2_STD = 0.5725802604210336
B_L1_E_CO2_mean = -0.7516571254409916
B_L1_E_ENE_STD = -0.021488717808319915
B_L1_E_ENE_mean = 1.006597130133197
B_L1_E_WAS_STD = 0.042830468285446004
B_L1_E_WAS_mean = 0.100255870230436
B_L1_E_WAT_STD = 0.0020946259583699846
B_L1_E_WAT_mean = -0.0007381577036389928
B_L1_G_CSR_STD = 0.769528436300899
B_L1_G_CSR_mean = 2.7055487261052256
B_L1_G_MGS_STD = 5.001846646613443
B_L1_G_MGS_mean = -0.529221996244679
B_L1_S_HRS_STD = -2.7850402301507633
B_L1_S_HRS_mean = -0.4641079094737715
B_L1_S_WFS_STD = 3.399158574139127
B_L1_S_WFS_mean = -2.056678868283824
B_L2_E_STD = -0.3389633061957897
B_L2_E_mean = 0.2969253680922363
B_L2_G_STD = -0.6363864770614084
B_L2_G_mean = 0.14220214127825254
B_L2_STD = -0.3046209826762453
B_L2_S_STD = 0.23442468116494425
B_L2_S_mean = 0.4136255973823097
B_L2_mean = 1.1272161693244727
B_L3_E_Imp_STD = 0.08597061959391412
B_L3_E_Imp_mean = -2.5188704780942373
B_L3_G_Imp_STD = -2.4744264084971803
B_L3_G_Imp_mean = 0.031418583029264334
B_L3_STD = -0.23893807182002033
B_L3_S_Imp_STD = -0.327964779422927
B_L3_S_Imp_mean = -0.4757031250936793
B_L3_mean = 6.29251568659559
B_L4_E_Green_STD = 0.4031801759620007
B_L4_E_Green_mean = 1.031889581613524
B_L4_E_Yellow_STD = -0.308707339552729
B_L4_E_Yellow_mean = -0.0629056466509522
B_L4_G_Green_STD = -5.48353694434539
B_L4_G_Green_mean = -0.8840125997660541
B_L4_G_Yellow_STD = 0.18635249743925533
B_L4_G_Yellow_mean = -0.4473824875240909
B_L4_STD = -0.4120082852263267
B_L4_S_Green_STD = -2.1042235007048133
B_L4_S_Green_mean = 1.043605271992725
B_L4_S_Yellow_STD = -4.863248608534833
B_L4_S_Yellow_mean = 0.05843059379949131
B_L4_mean = 4.121772085875818
B_MAT_OC_STD = -0.41740880390284757
B_MAT_OC_mean = -0.2324506548433151
B_MAT_PE_STD = -1.132615979421566
B_MAT_PE_mean = -2.1177184626819465
B_MAT_RM_STD = 1.8693548619616847
B_MAT_RM_mean = -1.214757909953618
B_MAT_WO_STD = -0.19587050980953902
B_MAT_WO_mean = -0.5367240874139535
B_PRICE_STD = -0.37688281797590084
B_PRICE_mean = -0.41986065510915554
B_Q_HIGH_STD = 4.791293643279066
B_Q_HIGH_mean = 1.7936746500294583
B_Q_MED_STD = 0.9704565612306709
B_Q_MED_mean = 0.5340813768759937
