A1_ASC = 1.6641593133075203
A3_ASC = -15.489499768496929
B_COM_A_G_STD = 17.895758963965
B_COM_A_G_mean = 9.3472332849045
B_COM_BGD_STD = 21.909355092198055
B_COM_BGD_mean = -3.0953763546843702
B_COM_EUR_STD = -13.675066797342131
B_COM_EUR_mean = 6.079927494662165
B_COM_VNM_STD = -23.205611638610392
B_COM_VNM_mean = -3.072186457620674
B_L1_E_CO2_STD = 0.8930111294678551
B_L1_E_CO2_mean = -4.551212232775047
B_L1_E_ENE_STD = -0.36554533339192197
B_L1_E_ENE_mean = 4.5973471201954945
B_L1_E_WAS_STD = 0.02528055846574989
B_L1_E_WAS_mean = 0.6757957741721248
B_L1_E_WAT_STD = 0.014395625562026493
B_L1_E_WAT_mean = 0.010579872203134298
B_L1_G_CSR_STD = 11.55291419367979
B_L1_G_CSR_mean = 8.243682444468881
B_L1_G_MGS_STD = 13.440753784024235
B_L1_G_MGS_mean = 3.7871628642624025
B_L1_S_HRS_STD = -18.021361670612176
B_L1_S_HRS_mean = 1.0937498047079497
B_L1_S_WFS_STD = -25.381398823953525
B_L1_S_WFS_mean = -13.872064596872338
B_L2_E_STD = -0.24315999630372725
B_L2_E_mean = 2.680340478315229
B_L2_G_STD = -0.5957024833140142
B_L2_G_mean = 1.002871655470512
B_L2_STD = -25.75730370563895
B_L2_S_STD = -1.1534567090093042
B_L2_S_mean = 2.490839783374381
B_L2_mean = -1.1816077149550948
B_L3_E_Imp_STD = -3.1577847883956114
B_L3_E_Imp_mean = -18.067061790666266
B_L3_G_Imp_STD = -30.280419926106557
B_L3_G_Imp_mean = -2.2010644467088785
B_L3_STD = -5.916557560460408
B_L3_S_Imp_STD = 11.821900124488787
B_L3_S_Imp_mean = -2.2812616678617763
B_L3_mean = 34.31681292098037
B_L4_E_Green_STD = 4.33901552837885
B_L4_E_Green_mean = 11.92478651563212
B_L4_E_Yellow_STD = -7.103843951666754
B_L4_E_Yellow_mean = -1.3818309858960318
B_L4_G_Green_STD = -12.950230902185893
B_L4_G_Green_mean = 4.139832625485362
B_L4_G_Yellow_STD = -0.7053769015949598
B_L4_G_Yellow_mean = -6.2342558373641115
B_L4_STD = 4.513570583959355
B_L4_S_Green_STD = 5.784774296025973
B_L4_S_Green_mean = 4.898605728549679
B_L4_S_Yellow_STD = -29.862226073904054
B_L4_S_Yellow_mean = 1.6963459200326882
B_L4_mean = 19.710409673735413
B_MAT_OC_STD = -8.454875182324773
B_MAT_OC_mean = 1.2999505465556227
B_MAT_PE_STD = -8.19004435972701
B_MAT_PE_mean = -13.07318236237931
B_MAT_RM_STD = 34.70466645310535
B_MAT_RM_mean = -8.827946053880765
B_MAT_WO_STD = -14.20222238225206
B_MAT_WO_mean = -2.566354025565586
B_PRICE_STD = 2.5184394430475843
B_PRICE_mean = -3.288981620740354
B_Q_HIGH_STD = 21.727400644796926
B_Q_HIGH_mean = 9.75556264615533
B_Q_MED_STD = 9.967628751448467
B_Q_MED_mean = 4.0867756402687485
