A1_ASC = -4.39948569922711
A3_ASC = -28.559535311874587
B_COM_A_G_STD = 19.203114063851096
B_COM_A_G_mean = 13.745763930730147
B_COM_BGD_STD = -8.809916130676617
B_COM_BGD_mean = -1.3859181090764228
B_COM_EUR_STD = -30.74671682026315
B_COM_EUR_mean = 16.491345629352914
B_COM_VNM_STD = 23.839641508126128
B_COM_VNM_mean = -2.7297865087499584
B_L1_E_CO2_STD = -0.003425677931217996
B_L1_E_CO2_mean = -0.055890138028774294
B_L1_E_ENE_STD = -0.0502480854911371
B_L1_E_ENE_mean = 0.013811532528517904
B_L1_E_WAS_STD = -0.003914232605926522
B_L1_E_WAS_mean = 0.007733330571077931
B_L1_G_CSR_STD = -22.22295421599093
B_L1_G_CSR_mean = -2.8884824257740607
B_L1_G_MGS_STD = 4.405014875292231
B_L1_G_MGS_mean = -7.090579532324449
B_L1_S_HRS_STD = 13.718255759132598
B_L1_S_HRS_mean = 0.7286779978563039
B_L1_S_WFS_mean = -9.085930973138034
B_L2_E_STD = -0.5868420494473908
B_L2_E_mean = 1.0891327845241934
B_L2_G_STD = -5.499082042303117
B_L2_G_mean = 0.2980424393227126
B_L2_STD = -11.016471569441984
B_L2_S_STD = 0.617739861103314
B_L2_S_mean = 0.4771182931861337
B_L2_mean = 2.971804178004047
B_L3_E_Imp_STD = -2.6338896497341646
B_L3_E_Imp_mean = -6.987351609036549
B_L3_G_Imp_STD = -30.53182962746873
B_L3_G_Imp_mean = -9.514930754923794
B_L3_STD = 5.110307776455599
B_L3_S_Imp_STD = -18.754772344713462
B_L3_S_Imp_mean = -15.448574542716518
B_L3_mean = 0.6680718832030001
B_L4_E_Green_STD = 47.18755617562796
B_L4_E_Green_mean = 11.213395116256219
B_L4_E_Yellow_mean = 9.967492028415716
B_L4_G_Green_mean = 15.140184203376556
B_L4_G_Yellow_STD = 46.574100101946506
B_L4_G_Yellow_mean = 4.252228847349486
B_L4_STD = -6.035846118079594
B_L4_S_Green_STD = 24.19203393552273
B_L4_S_Green_mean = 8.504510373908564
B_L4_S_Yellow_STD = 10.776079859816214
B_L4_S_Yellow_mean = 10.700744621987841
B_L4_mean = -20.713185093603318
B_MAT_OC_STD = -27.51152349399686
B_MAT_OC_mean = 8.858122385233738
B_MAT_PE_STD = -21.015297877621865
B_MAT_PE_mean = -11.52356836158889
B_MAT_RM_STD = -6.625582855909507
B_MAT_RM_mean = -2.088439117784915
B_MAT_WO_mean = -3.6848062153601284
B_PRICE_STD = 0.09841425316783788
B_PRICE_mean = -0.08371867074756337
B_Q_HIGH_STD = -22.651190179816517
B_Q_HIGH_mean = 13.565432321725144
B_Q_MED_STD = -8.574686270135954
B_Q_MED_mean = 10.798641481878061
