A1_ASC = 0.6915019459025584
A3_ASC = -8.375404750852544
B_COM_A_G_STD = 10.071240580469524
B_COM_A_G_mean = 6.145736786017684
B_COM_BGD_STD = 14.172534552662945
B_COM_BGD_mean = -2.4677004315222018
B_COM_EUR_STD = -13.128413659774166
B_COM_EUR_mean = 6.999241721045394
B_COM_VNM_STD = 18.82828981723332
B_COM_VNM_mean = 0.11714262800561764
B_L1_E_CO2_STD = 0.060641410237698104
B_L1_E_CO2_mean = -0.0024835642672462457
B_L1_E_ENE_STD = -0.027473362426892346
B_L1_E_ENE_mean = -0.008822842182526902
B_L1_E_WAS_STD = -0.004212251073837111
B_L1_E_WAS_mean = 0.006482798827177443
B_L1_E_WAT_STD = -0.0009135686332551855
B_L1_E_WAT_mean = -6.383070279149815e-05
B_L1_G_CSR_STD = -8.103384855150644
B_L1_G_CSR_mean = -1.3859148743517467
B_L1_G_MGS_STD = 3.636931001248937
B_L1_G_MGS_mean = -0.6148465233841726
B_L1_S_HRS_STD = -10.152500341860787
B_L1_S_HRS_mean = 7.086007265411086
B_L1_S_WFS_STD = 8.526363259077465
B_L1_S_WFS_mean = -2.5452343476745405
B_L2_E_STD = -1.667050435272814
B_L2_E_mean = 0.3187185018703218
B_L2_G_STD = 1.2470785829039948
B_L2_G_mean = 0.16966410738862756
B_L2_STD = 7.950466996911648
B_L2_S_STD = 1.5727508725888912
B_L2_S_mean = 0.3711384877014314
B_L2_mean = 8.146224627927882
B_L3_E_Imp_STD = 11.303604191282293
B_L3_E_Imp_mean = -6.869421434644188
B_L3_G_Imp_STD = -4.060524242559559
B_L3_G_Imp_mean = -7.769264022803129
B_L3_STD = 6.504996032364578
B_L3_S_Imp_STD = -21.9920423650568
B_L3_S_Imp_mean = -11.450928370845824
B_L3_mean = 7.279701060386553
B_L4_E_Green_STD = -1.6739003459584114
B_L4_E_Green_mean = 5.64399669602285
B_L4_E_Yellow_STD = -31.186651484624793
B_L4_E_Yellow_mean = 0.6060419420387056
B_L4_G_Green_STD = 3.662319808772082
B_L4_G_Green_mean = 8.363953810210043
B_L4_G_Yellow_STD = 11.382503350130253
B_L4_G_Yellow_mean = 3.856793449196599
B_L4_STD = -15.974863201098938
B_L4_S_Green_STD = 10.28013295319972
B_L4_S_Green_mean = 5.10459078730783
B_L4_S_Yellow_STD = 0.5755084167663611
B_L4_S_Yellow_mean = 3.9575054540546843
B_L4_mean = -3.066125273284961
B_MAT_OC_STD = 18.47280292230113
B_MAT_OC_mean = 8.31463048434861
B_MAT_PE_STD = 1.7889880789955972
B_MAT_PE_mean = -3.4442609534195534
B_MAT_RM_STD = 10.334003471266737
B_MAT_RM_mean = 0.39319701267916896
B_MAT_WO_STD = -7.88620627499079
B_MAT_WO_mean = -2.8436746908334416
B_PRICE_STD = 0.05434716763414483
B_PRICE_mean = -0.046705129153317405
B_Q_HIGH_STD = 7.410915080773556
B_Q_HIGH_mean = 6.819511157343823
B_Q_MED_STD = 7.284626842408981
B_Q_MED_mean = 6.675260811354068
