A1_ASC = -0.0030967086122246786
A3_ASC = -0.9628773012847365
B_COM_A_G_STD = 2.4748541577287266
B_COM_A_G_mean = 1.034107759666829
B_COM_BGD_STD = -0.8264999217763672
B_COM_BGD_mean = -0.40160072055419305
B_COM_EUR_STD = 1.4523557596838799
B_COM_EUR_mean = 0.6403161801837471
B_COM_VNM_STD = 0.9206643342768429
B_COM_VNM_mean = -0.1721540543720823
B_L1_E_CO2_STD = 0.021962592509384638
B_L1_E_CO2_mean = 0.0212180784825435
B_L1_E_ENE_STD = -0.004639736866186661
B_L1_E_ENE_mean = 1.6047786119454333e-05
B_L1_E_WAS_STD = -0.0005130992628416102
B_L1_E_WAS_mean = 0.00016744842798759857
B_L1_E_WAT_STD = 6.18969705430908e-05
B_L1_E_WAT_mean = 6.103139738392721e-06
B_L1_G_CSR_STD = 0.10246405388275422
B_L1_G_CSR_mean = 0.2536705657033593
B_L1_G_MGS_STD = 0.5489298037812484
B_L1_G_MGS_mean = 0.6036442763890256
B_L1_S_HRS_STD = -1.3565108363665805
B_L1_S_HRS_mean = 0.4100058984422535
B_L1_S_WFS_STD = -0.12517935110308948
B_L1_S_WFS_mean = 0.6319743766859841
B_L2_E_STD = -0.06979951459614578
B_L2_E_mean = 0.22192172060797494
B_L2_G_STD = -0.04465886114719868
B_L2_G_mean = 0.19533435563560284
B_L2_STD = -0.5199443299664877
B_L2_S_STD = 0.05274899586137661
B_L2_S_mean = 0.12729798114036295
B_L2_mean = -0.6259258249507028
B_L3_E_Imp_STD = 3.405008964222121
B_L3_E_Imp_mean = -1.8722529667387644
B_L3_G_Imp_STD = -3.5587094470635887
B_L3_G_Imp_mean = -1.463028458643805
B_L3_STD = 1.1823440060615351
B_L3_S_Imp_STD = 2.3444530511704067
B_L3_S_Imp_mean = -0.7012181982111537
B_L3_mean = 1.9954274192610724
B_L4_E_Green_STD = 0.2110852350615281
B_L4_E_Green_mean = 0.6248034578964883
B_L4_E_Yellow_STD = 1.3354329587862894
B_L4_E_Yellow_mean = 0.707484906321577
B_L4_G_Green_STD = -0.23392874042377215
B_L4_G_Green_mean = 0.6197936083735018
B_L4_G_Yellow_STD = 0.4664936079100777
B_L4_G_Yellow_mean = -0.3483962622629789
B_L4_STD = -1.7346293808494087
B_L4_S_Green_STD = -0.36205010626239215
B_L4_S_Green_mean = 0.852215932110115
B_L4_S_Yellow_STD = -0.010539172617411654
B_L4_S_Yellow_mean = 1.299045733158222
B_L4_mean = 0.7103788715712714
B_MAT_OC_STD = 0.8449118116263729
B_MAT_OC_mean = 0.16733943701181891
B_MAT_PE_STD = -3.480334033352133
B_MAT_PE_mean = -0.9053737272496463
B_MAT_RM_STD = 0.6938337722931186
B_MAT_RM_mean = -0.3370746417693962
B_MAT_WO_STD = 1.5246512251715094
B_MAT_WO_mean = -0.35179164449374384
B_PRICE_STD = 0.03133440458019076
B_PRICE_mean = -0.025468325445482446
B_Q_HIGH_STD = 1.8390894473220594
B_Q_HIGH_mean = 1.4871987841855203
B_Q_MED_STD = -0.4254597814138125
B_Q_MED_mean = 0.9466003527668532
