A1_ASC = -0.17338108848616263
A3_ASC = -1.9733041287548096
B_COM_A_G_STD = 0.28214597250294865
B_COM_A_G_mean = 1.3337256191707314
B_COM_BGD_STD = -1.0439779159103173
B_COM_BGD_mean = -0.12095695480686465
B_COM_EUR_STD = 2.3587004009540857
B_COM_EUR_mean = 1.1585338625104502
B_COM_VNM_STD = 1.8072657895930848
B_COM_VNM_mean = -0.1035736318310726
B_MAT_OC_STD = 0.044370429729103746
B_MAT_OC_mean = 0.49798698117015816
B_MAT_PE_STD = 0.7646147755187943
B_MAT_PE_mean = -1.3353608870699833
B_MAT_RM_STD = -2.043348939790535
B_MAT_RM_mean = -0.14217251286746768
B_MAT_WO_STD = -0.0005285959623174414
B_MAT_WO_mean = -0.07237272929727505
B_PRICE_STD = 0.006871875787659465
B_PRICE_mean = -0.006941075564624242
B_Q_HIGH_STD = 2.1090651000409952
B_Q_HIGH_mean = 1.6027355935735232
B_Q_MED_STD = 1.756713194594767
B_Q_MED_mean = 1.0355435958184793
