A1_ASC = -0.09223020920886356
A3_ASC = -18.05117270076313
B_COM_A_G_STD = 8.520358672282564
B_COM_A_G_mean = 7.1375054031046
B_COM_BGD_STD = 15.151793140428394
B_COM_BGD_mean = -1.9192218869218773
B_COM_EUR_mean = 3.2210554181877504
B_COM_VNM_STD = 8.055123241454465
B_COM_VNM_mean = -1.0710566541974793
B_L1_E_CO2_STD = -0.36798424208904906
B_L1_E_CO2_mean = 0.07841008383324442
B_L1_E_ENE_STD = 0.05545837588972914
B_L1_E_ENE_mean = -0.0748188315177403
B_L1_E_WAS_STD = 0.02506464575777079
B_L1_E_WAS_mean = -0.0049533025812780575
B_L1_E_WAT_STD = 0.0019903409345196754
B_L1_E_WAT_mean = -0.0003469838584520988
B_L1_G_CSR_STD = -11.55851973346859
B_L1_G_CSR_mean = 11.213461402208706
B_L1_G_MGS_STD = -27.482725698896193
B_L1_G_MGS_mean = 19.75111267096121
B_L1_S_WFS_mean = 7.443002633275345
B_L2_E_STD = 0.1899917318977627
B_L2_E_mean = 2.7684137969277494
B_L2_G_STD = -2.390343057514711
B_L2_G_mean = 1.6719768038286125
B_L2_STD = -2.4962305476545423
B_L2_S_STD = -0.7255217245990905
B_L2_S_mean = 1.7934634561877214
B_L2_mean = -26.232077976250203
B_L3_E_Imp_STD = 60.67737964669734
B_L3_E_Imp_mean = -20.125281567003036
B_L3_G_Imp_STD = -24.010144533269564
B_L3_G_Imp_mean = -15.196897465561223
B_L3_STD = -12.008781311394095
B_L3_S_Imp_STD = -38.53146223406324
B_L3_S_Imp_mean = -13.688727131236242
B_L3_mean = 9.174843895218885
B_L4_E_Green_STD = -16.988826498661787
B_L4_E_Green_mean = 3.503261989347834
B_L4_E_Yellow_mean = 0.3140524656448155
B_L4_G_Green_mean = 13.369617259848642
B_L4_STD = 11.260487501583993
B_L4_S_Green_STD = 15.34015842494063
B_L4_S_Green_mean = 0.3444425605387053
B_L4_S_Yellow_STD = 9.28360207610876
B_L4_S_Yellow_mean = 2.562253256492593
B_L4_mean = -0.245447364392738
B_MAT_OC_mean = 1.233717060964326
B_MAT_PE_STD = 52.27135328074461
B_MAT_PE_mean = -13.308197156302445
B_MAT_RM_STD = 17.566320661528753
B_MAT_RM_mean = -3.95324836564876
B_MAT_WO_STD = 8.052990536575557
B_MAT_WO_mean = -4.1592239876114885
B_PRICE_STD = -0.37901486646562166
B_PRICE_mean = -0.2652843884455665
B_Q_HIGH_STD = 25.543571856157442
B_Q_HIGH_mean = 13.398329524990135
B_Q_MED_STD = -16.25972414547004
B_Q_MED_mean = 9.914644697897907
