A1_ASC = 0.18616923042304145
A3_ASC = -2.9317366106175795
B_COM_A_G_STD = 1.7808165058703553
B_COM_A_G_mean = 1.174278245048249
B_COM_EUR_mean = 0.6579617153919058
B_MAT_PE_mean = -1.1868102837783296
B_MAT_RM_STD = -1.2652780166657724
B_MAT_RM_mean = -0.4040878666425888
B_MAT_WO_mean = -0.4860318067141398
B_PRICE_STD = 0.2156121311151064
B_PRICE_mean = -0.25288601905853864
B_Q_HIGH_STD = 1.2996935786939077
B_Q_HIGH_mean = 0.9159156354489022
B_Q_MED_STD = 0.949585443580643
B_Q_MED_mean = 0.49265846595197904
