A1_ASC = 0.19353135473607344
A3_ASC = -7.113466528910421
B_COM_A_G_STD = 12.036309514693048
B_COM_A_G_mean = 5.93602683820524
B_COM_BGD_STD = 8.891728756823344
B_COM_BGD_mean = -1.95014907284376
B_COM_EUR_mean = 3.8318531399840863
B_COM_VNM_STD = -9.97596666423704
B_COM_VNM_mean = -3.3450332223194983
B_L1_E_CO2_STD = -0.0875987057128776
B_L1_E_CO2_mean = 0.09517485359722214
B_L1_E_ENE_STD = -0.010741003261081001
B_L1_E_ENE_mean = -0.020273059424196757
B_L1_E_WAS_STD = 0.009663519918315322
B_L1_E_WAS_mean = 0.0008056860766041998
B_L1_E_WAT_STD = 0.00036799582267188014
B_L1_E_WAT_mean = -7.131414349227938e-05
B_L1_G_CSR_STD = -6.700160351836487
B_L1_G_CSR_mean = 2.6902900300871475
B_L1_G_MGS_STD = -10.130924380296726
B_L1_G_MGS_mean = 9.448234944272802
B_L1_S_HRS_mean = -3.5325679345969663
B_L1_S_WFS_STD = -5.564481886463532
B_L1_S_WFS_mean = 7.018953618685939
B_L2_E_STD = 0.1443369015464268
B_L2_E_mean = 1.5559254358294832
B_L2_G_STD = 1.0165651225779668
B_L2_G_mean = 0.9324004108383172
B_L2_STD = 8.65282586234788
B_L2_S_STD = 0.4261175621212514
B_L2_S_mean = 1.522944166039844
B_L2_mean = -12.68978646708459
B_L3_E_Imp_STD = -11.983299036011404
B_L3_E_Imp_mean = -14.020816633487778
B_L3_G_Imp_STD = 31.94154591707923
B_L3_G_Imp_mean = -16.095382076916778
B_L3_STD = 11.84807816532988
B_L3_S_Imp_STD = 28.163902315789638
B_L3_S_Imp_mean = -2.3429951747040456
B_L3_mean = 9.104263510916146
B_L4_E_Green_STD = 6.780615763880019
B_L4_E_Green_mean = 2.8855877594912585
B_L4_E_Yellow_STD = 4.329708414251715
B_L4_E_Yellow_mean = 2.9320041147554496
B_L4_G_Green_STD = 3.413167595525425
B_L4_G_Green_mean = 3.8561405260686494
B_L4_G_Yellow_mean = -4.543331076899969
B_L4_STD = -13.471037515583696
B_L4_S_Green_STD = -11.34423203144962
B_L4_S_Green_mean = 0.7920323957790307
B_L4_S_Yellow_STD = 3.6513211144822986
B_L4_S_Yellow_mean = 6.983247370985877
B_L4_mean = 3.746131934362009
B_MAT_OC_STD = 5.32387756756912
B_MAT_OC_mean = 1.406491745602622
B_MAT_PE_STD = 24.023363465636436
B_MAT_PE_mean = -7.669930506882468
B_MAT_RM_STD = -7.009667474503478
B_MAT_RM_mean = -2.0539335002871235
B_MAT_WO_STD = 12.62546007266045
B_MAT_WO_mean = -0.9776700064939832
B_PRICE_STD = -0.20780573753248172
B_PRICE_mean = -0.16815733814781061
B_Q_HIGH_STD = -11.994477477766528
B_Q_HIGH_mean = 6.762915105757103
B_Q_MED_STD = -11.02359291217477
B_Q_MED_mean = 6.711392148454537
