A1_ASC = 0.038473048822188875
A3_ASC = -0.26906026897610685
B_COM_A_G_STD = -0.0363756273966618
B_COM_A_G_mean = 0.4398985444083291
B_COM_BGD_STD = 0.04105429135685542
B_COM_BGD_mean = -0.06924772500565302
B_COM_EUR_STD = -0.06971490676716742
B_COM_EUR_mean = 0.20697046259848748
B_COM_VNM_STD = -0.14599504111145864
B_COM_VNM_mean = -0.09061771319583675
B_L1_E_CO2_STD = 0.00022115826430143984
B_L1_E_CO2_mean = 0.006068224228856343
B_L1_E_ENE_STD = 0.0006612309234194838
B_L1_E_ENE_mean = -0.002667318232604978
B_L1_E_WAS_STD = 0.000274246293681628
B_L1_E_WAS_mean = 5.095229455667612e-05
B_L1_E_WAT_STD = -2.657870637811944e-05
B_L1_E_WAT_mean = 3.199604627504564e-06
B_L1_G_CSR_STD = -0.3086012197090258
B_L1_G_CSR_mean = 0.406486252295293
B_L1_G_MGS_STD = 0.04214653011191917
B_L1_G_MGS_mean = 0.7641787105801024
B_L1_S_HRS_STD = -0.02315647342747461
B_L1_S_HRS_mean = 0.08499721724210249
B_L1_S_WFS_STD = -0.14288398753843295
B_L1_S_WFS_mean = 0.4449777884093543
B_L2_E_STD = 0.018999070177412165
B_L2_E_mean = 0.07045120198771557
B_L2_G_STD = -0.0015853685951355994
B_L2_G_mean = 0.05549193418429946
B_L2_STD = 0.007255584597298895
B_L2_S_STD = 0.005754715623872872
B_L2_S_mean = 0.08974960319543598
B_L2_mean = -0.38499000758570556
B_L3_E_Imp_STD = -0.10799207427117076
B_L3_E_Imp_mean = -0.5795925293333078
B_L3_G_Imp_STD = -0.3016311045539002
B_L3_G_Imp_mean = -0.6019077678802618
B_L3_STD = 0.03870875921109851
B_L3_S_Imp_STD = 0.24500625963483091
B_L3_S_Imp_mean = -0.24888838673572192
B_L3_mean = 0.8026820598114401
B_L4_E_Green_STD = -0.15266678840977263
B_L4_E_Green_mean = 0.09362181230950871
B_L4_E_Yellow_STD = 0.12432469630355117
B_L4_E_Yellow_mean = 0.08225722489625534
B_L4_G_Green_STD = -0.05269055821144302
B_L4_G_Green_mean = 0.2704152369013048
B_L4_G_Yellow_STD = -0.06639753931539362
B_L4_G_Yellow_mean = -0.23880976968066805
B_L4_STD = -0.01496137400864277
B_L4_S_Green_STD = -0.05671150863014682
B_L4_S_Green_mean = 0.13705651981337827
B_L4_S_Yellow_STD = -0.24828178494963216
B_L4_S_Yellow_mean = 0.36802271347824816
B_L4_mean = 0.4852579690267412
B_MAT_OC_STD = -0.1933330441281332
B_MAT_OC_mean = 0.10420326738574916
B_MAT_PE_STD = -0.05993946140017318
B_MAT_PE_mean = -0.2603367782091152
B_MAT_RM_STD = 0.04500134660957997
B_MAT_RM_mean = -0.09089708579370055
B_MAT_WO_STD = -0.05021706682594864
B_MAT_WO_mean = -0.09281643313972064
B_PRICE_STD = -0.0005624026964487999
B_PRICE_mean = -0.01123684098128212
B_Q_HIGH_STD = 0.039379646327362995
B_Q_HIGH_mean = 0.5764226951839596
B_Q_MED_STD = -0.035947074810397314
B_Q_MED_mean = 0.5055850688466754
