A1_ASC = 2.811187502459606
A3_ASC = -18.201520924979913
B_COM_A_G_STD = -11.34209970871418
B_COM_A_G_mean = 12.013236422336728
B_COM_BGD_STD = 17.53012005542088
B_COM_BGD_mean = -3.1910803153654723
B_COM_EUR_STD = 11.918547367340556
B_COM_EUR_mean = 6.952236475997935
B_COM_VNM_STD = -21.245555351014833
B_COM_VNM_mean = -2.9833128342884137
B_L1_E_CO2_STD = 0.21116526026456717
B_L1_E_CO2_mean = -4.154702042302741
B_L1_E_ENE_STD = -1.6844036952608732
B_L1_E_ENE_mean = 4.426559606780934
B_L1_E_WAS_STD = 0.48077853114622204
B_L1_E_WAS_mean = 0.28699314761441347
B_L1_E_WAT_STD = 0.03413899521022143
B_L1_E_WAT_mean = 0.01835810024013446
B_L1_G_CSR_STD = -3.9749415203718406
B_L1_G_CSR_mean = 8.6387132864057
B_L1_G_MGS_STD = 27.11266246671203
B_L1_G_MGS_mean = 1.506202923910496
B_L1_S_HRS_STD = 13.870525516587385
B_L1_S_HRS_mean = 0.2902517451699933
B_L1_S_WFS_STD = 10.097961227837851
B_L1_S_WFS_mean = -15.463697305847612
B_L2_E_STD = 0.16210878380282734
B_L2_E_mean = 3.8552324500554933
B_L2_G_STD = -3.8813769298536487
B_L2_G_mean = 1.1868953060776064
B_L2_STD = 23.08691697663643
B_L2_S_STD = -4.262441980795058
B_L2_S_mean = 3.35198859409234
B_L2_mean = -15.939831959900799
B_L3_E_Imp_STD = -33.16146504250601
B_L3_E_Imp_mean = -17.839366938918634
B_L3_G_Imp_STD = 20.2147468560988
B_L3_G_Imp_mean = -5.043025508833634
B_L3_STD = -14.183907179988319
B_L3_S_Imp_STD = 7.980177737525718
B_L3_S_Imp_mean = -4.5567930506862595
B_L3_mean = 29.45501701771424
B_L4_E_Green_STD = -20.818307423831982
B_L4_E_Green_mean = 7.213303562107588
B_L4_E_Yellow_STD = -5.202675686264672
B_L4_E_Yellow_mean = -4.1254970811134015
B_L4_G_Green_STD = -6.003582469049869
B_L4_G_Green_mean = 6.347745041355337
B_L4_G_Yellow_mean = -4.427219958047941
B_L4_STD = -6.065072764841156
B_L4_S_Green_STD = 9.722806020459393
B_L4_S_Green_mean = 3.459501189209357
B_L4_S_Yellow_STD = -25.60440279036969
B_L4_S_Yellow_mean = 6.3825113422718776
B_L4_mean = 16.159776283079633
B_MAT_OC_STD = 7.334076785745249
B_MAT_OC_mean = 1.4673534329131743
B_MAT_PE_STD = 17.445481862860216
B_MAT_PE_mean = -14.236329163730106
B_MAT_RM_STD = -37.881581649255004
B_MAT_RM_mean = -9.98598818809135
B_MAT_WO_mean = -1.2851332499802874
B_PRICE_STD = 2.5323125008206047
B_PRICE_mean = -3.2805988281253793
B_Q_HIGH_STD = 31.089752471468497
B_Q_HIGH_mean = 11.538250100563445
B_Q_MED_STD = 1.6290520670956057
B_Q_MED_mean = 1.9817796859063586
