A1_ASC = 0.11471058102337273
A3_ASC = -3.261785682998757
B_COM_A_G_STD = 2.1958898236365636
B_COM_A_G_mean = 1.3909567479504286
B_COM_BGD_STD = -2.3537057343081824
B_COM_BGD_mean = -0.019095452439778317
B_COM_EUR_STD = -0.23701176199704901
B_COM_EUR_mean = 0.8725082657893537
B_COM_VNM_STD = 0.6074978249886068
B_COM_VNM_mean = 0.3534989868650177
B_MAT_OC_STD = -1.1348125881469335
B_MAT_OC_mean = -0.007823790466606067
B_MAT_PE_STD = 0.985992639544495
B_MAT_PE_mean = -1.4335141463509022
B_MAT_RM_STD = 1.220420775502323
B_MAT_RM_mean = -0.5344701652270754
B_MAT_WO_STD = -1.2901134104525505
B_MAT_WO_mean = -0.4830069322209893
B_PRICE_STD = 0.24713097996560782
B_PRICE_mean = -0.29419030425407705
B_Q_HIGH_STD = 1.5063839427605066
B_Q_HIGH_mean = 1.1807472325102328
B_Q_MED_STD = 0.9038302193482
B_Q_MED_mean = 0.613023423569956
