A1_ASC = -0.07412023429925024
A3_ASC = -0.9373853683844997
B_COM_A_G_STD = -0.7369671109837092
B_COM_A_G_mean = 0.8303348967503215
B_COM_BGD_STD = -1.334812412241815
B_COM_BGD_mean = -0.03580288765597904
B_COM_EUR_STD = 2.6015425113041144
B_COM_EUR_mean = 1.3465774906657269
B_COM_VNM_STD = -2.304765491258873
B_COM_VNM_mean = 0.0006148057165793904
B_L1_E_CO2_STD = -0.009508145624078472
B_L1_E_CO2_mean = 5.591621725065516e-05
B_L1_E_ENE_STD = 0.0012046715037386801
B_L1_E_ENE_mean = 0.0018978480566170857
B_L1_E_WAS_STD = 4.856124391027914e-05
B_L1_E_WAS_mean = 0.0006066825185754191
B_L1_E_WAT_mean = 2.512812752567958e-05
B_L1_G_CSR_STD = 1.8131309924847978
B_L1_G_CSR_mean = -0.673736544078381
B_L1_G_MGS_STD = 1.006906104040605
B_L1_G_MGS_mean = 0.3534989502391332
B_L1_S_HRS_STD = 0.011398217560746743
B_L1_S_HRS_mean = 0.2158368885408894
B_L1_S_WFS_STD = 0.9203215552318772
B_L1_S_WFS_mean = -0.34085400583066605
B_L2_E_STD = -0.3007528034029882
B_L2_E_mean = 0.11544925916851581
B_L2_G_STD = 0.026809385126633643
B_L2_G_mean = 0.05804753082195173
B_L2_STD = 0.406223491391963
B_L2_S_STD = 0.4732536114297309
B_L2_S_mean = 0.10245626628876163
B_L2_mean = 0.6819067455818347
B_L3_E_Imp_STD = -0.4974258886410404
B_L3_E_Imp_mean = -0.8914153768817175
B_L3_G_Imp_STD = -3.667078896557581
B_L3_G_Imp_mean = -1.1851399409991379
B_L3_STD = -0.2577702486062523
B_L3_S_Imp_STD = 2.774145982012097
B_L3_S_Imp_mean = -1.845617951040963
B_L3_mean = 1.2593976029035634
B_L4_E_Green_STD = 2.0550058089343524
B_L4_E_Green_mean = 1.7050317032569564
B_L4_E_Yellow_STD = 1.6073242304587083
B_L4_E_Yellow_mean = 1.2874296501689266
B_L4_G_Green_STD = -0.5500927762551997
B_L4_G_Green_mean = 1.3916070224642516
B_L4_G_Yellow_STD = -0.32200296608429074
B_L4_G_Yellow_mean = 0.24599096886705235
B_L4_STD = -0.9821750450667021
B_L4_S_Green_STD = 2.4115935046573673
B_L4_S_Green_mean = 1.0705402423939046
B_L4_S_Yellow_STD = -1.735980069959777
B_L4_S_Yellow_mean = 0.44681138103804624
B_L4_mean = -1.068244034349417
B_MAT_OC_STD = -2.720485797094793
B_MAT_OC_mean = 0.7627181127624529
B_MAT_PE_STD = -0.6895779279707347
B_MAT_PE_mean = -1.0064657450507235
B_MAT_RM_STD = -0.9273647843168079
B_MAT_RM_mean = -0.2371443146889708
B_MAT_WO_mean = -0.08829770232670289
B_PRICE_STD = 0.006978052072039749
B_PRICE_mean = -0.007108930009340265
B_Q_HIGH_STD = -1.2568659797920043
B_Q_HIGH_mean = 1.2831922933868027
B_Q_MED_STD = -0.8579098381947888
B_Q_MED_mean = 1.031461099746497
