A1_ASC = 0.053756833772883664
A3_ASC = -3.032738102461256
B_COM_A_G_STD = 7.4397672768155525
B_COM_A_G_mean = 3.7956601774776346
B_COM_BGD_STD = 7.216322203715509
B_COM_BGD_mean = -1.1464038554353078
B_COM_EUR_mean = 1.9224843688302036
B_COM_VNM_STD = -6.427198611285796
B_COM_VNM_mean = -1.836484235909435
B_L1_E_CO2_STD = 0.011053824663735041
B_L1_E_CO2_mean = 0.036052610062280964
B_L1_E_ENE_STD = -0.00737320686947193
B_L1_E_ENE_mean = -0.017805772940620388
B_L1_E_WAS_STD = 0.003714357147347125
B_L1_E_WAS_mean = 0.00037671464876450436
B_L1_E_WAT_STD = 0.00012005636842443232
B_L1_E_WAT_mean = -7.852088953822215e-05
B_L1_G_CSR_STD = -5.9749379516704675
B_L1_G_CSR_mean = 2.984209417161934
B_L1_G_MGS_STD = -8.496292339594978
B_L1_G_MGS_mean = 7.016834772713457
B_L1_S_HRS_mean = -0.33472525741210923
B_L1_S_WFS_STD = -5.109535523826059
B_L1_S_WFS_mean = 4.3572419949552375
B_L2_E_STD = 0.03179560626442712
B_L2_E_mean = 0.7640143404097084
B_L2_G_STD = 0.35833937040632047
B_L2_G_mean = 0.5995221997405883
B_L2_STD = 2.302913159662996
B_L2_S_STD = 0.6012726532092229
B_L2_S_mean = 0.8814333610680796
B_L2_mean = -5.729686048839479
B_L3_E_Imp_STD = -9.847993749614384
B_L3_E_Imp_mean = -7.941394823871964
B_L3_G_Imp_STD = 21.452783131002942
B_L3_G_Imp_mean = -10.187555969458252
B_L3_STD = 5.806472941201638
B_L3_S_Imp_STD = 21.148800368765272
B_L3_S_Imp_mean = -1.6420472109871627
B_L3_mean = 5.794483739009166
B_L4_E_Green_STD = 6.006278966110418
B_L4_E_Green_mean = 1.1594798317931914
B_L4_E_Yellow_STD = 0.4558647644600612
B_L4_E_Yellow_mean = 1.872477168753516
B_L4_G_Green_mean = 2.2682552553714617
B_L4_G_Yellow_mean = -3.3088866682868763
B_L4_STD = -8.09916088235644
B_L4_S_Green_STD = -8.79259986356456
B_L4_S_Green_mean = -1.1950725166155083
B_L4_S_Yellow_STD = 5.045988990835906
B_L4_S_Yellow_mean = 2.7912600338927644
B_L4_mean = 4.556115747952168
B_MAT_OC_mean = 0.6202038006493354
B_MAT_PE_STD = 15.654807312923882
B_MAT_PE_mean = -4.035071128814542
B_MAT_RM_STD = -5.125702518806754
B_MAT_RM_mean = -0.9507350524538822
B_MAT_WO_STD = 8.353308013535539
B_MAT_WO_mean = -0.6322818344996491
B_PRICE_STD = -0.12279120465540366
B_PRICE_mean = -0.11007390503566213
B_Q_HIGH_STD = -9.19149661469226
B_Q_HIGH_mean = 5.495774493064514
B_Q_MED_STD = -6.424824262554169
B_Q_MED_mean = 4.418383847056525
