A1_ASC = -0.08077351085225044
A3_ASC = -1.4203082565095375
B_COM_A_G_STD = 0.046003276765891825
B_COM_A_G_mean = 0.5054110402829224
B_COM_BGD_STD = -0.0839915206965022
B_COM_BGD_mean = -0.10344728735080813
B_COM_EUR_STD = 0.06587372704827536
B_COM_EUR_mean = 0.3161987031439534
B_COM_VNM_STD = -0.01565181686390323
B_COM_VNM_mean = -0.12436317113717012
B_L1_E_CO2_STD = -0.008988937953722426
B_L1_E_CO2_mean = 0.014261652849508399
B_L1_E_ENE_STD = -0.00020010940237602713
B_L1_E_ENE_mean = 0.001658756999705913
B_L1_E_WAS_STD = -0.0005652972785053956
B_L1_E_WAS_mean = 0.0003261952004911407
B_L1_E_WAT_STD = -2.9600961626978216e-05
B_L1_E_WAT_mean = -6.90929470493327e-06
B_L1_G_CSR_STD = -0.011858007431316611
B_L1_G_CSR_mean = -0.28721491177894687
B_L1_G_MGS_STD = -0.08835307420603611
B_L1_G_MGS_mean = -0.1216440032324102
B_L1_S_HRS_STD = -0.019119828233904877
B_L1_S_HRS_mean = 0.4358206965931111
B_L1_S_WFS_STD = 0.02612079237623814
B_L1_S_WFS_mean = 0.16412926311439996
B_L2_E_STD = 0.1455100658033043
B_L2_E_mean = 0.17124519587413822
B_L2_G_STD = -0.1087283123133917
B_L2_G_mean = 0.12743621621297305
B_L2_STD = 0.009880389303370554
B_L2_S_STD = -0.0022303966246630114
B_L2_S_mean = 0.08877296540966514
B_L2_mean = -0.7415534270425206
B_L3_E_Imp_STD = -0.009360765468193335
B_L3_E_Imp_mean = -0.7160539094506118
B_L3_G_Imp_STD = -0.020624140704066197
B_L3_G_Imp_mean = -0.36076614089514414
B_L3_STD = -0.02107972051544167
B_L3_S_Imp_STD = 0.06749170723966269
B_L3_S_Imp_mean = -0.5199275695009788
B_L3_mean = 1.182215840944885
B_L4_E_Green_STD = -0.06797684903918015
B_L4_E_Green_mean = 0.3730768093649522
B_L4_E_Yellow_STD = -0.0349703807090923
B_L4_E_Yellow_mean = 0.580442273351449
B_L4_G_Green_STD = 0.051051415816625034
B_L4_G_Green_mean = 0.4677049163599702
B_L4_G_Yellow_STD = -0.024031154570646363
B_L4_G_Yellow_mean = 0.20619521327612844
B_L4_STD = 0.0823978030102378
B_L4_S_Green_STD = -0.057488257047699026
B_L4_S_Green_mean = 0.6689615617407
B_L4_S_Yellow_STD = 0.05378114866109645
B_L4_S_Yellow_mean = 0.9402394175146158
B_L4_mean = -0.07425447600440035
B_MAT_OC_STD = -0.059899171861606634
B_MAT_OC_mean = 0.2523015274715296
B_MAT_PE_STD = -0.009527036561595701
B_MAT_PE_mean = -0.35235652918802474
B_MAT_RM_STD = -0.0785861151475515
B_MAT_RM_mean = -0.14944003611795853
B_MAT_WO_STD = 0.07997996302214166
B_MAT_WO_mean = -0.16476542452377135
B_PRICE_STD = 0.019159100372503006
B_PRICE_mean = -0.01706198940718885
B_Q_HIGH_STD = -0.17349457152667136
B_Q_HIGH_mean = 0.8809347669535116
B_Q_MED_STD = -0.004864619755669292
B_Q_MED_mean = 0.4185497575784332
