A1_ASC = 3.7746912212790464
A3_ASC = -34.996437733665935
B_COM_A_G_STD = 28.60240039737664
B_COM_A_G_mean = 33.06138913745441
B_COM_BGD_STD = -19.78587451385629
B_COM_BGD_mean = 6.7221207126402955
B_COM_EUR_STD = 27.605620368937835
B_COM_EUR_mean = 11.832466413913195
B_COM_VNM_STD = -8.283700275738893
B_COM_VNM_mean = 5.246179781657195
B_L1_E_CO2_STD = 0.4166683005497256
B_L1_E_CO2_mean = 0.37855659778972583
B_L1_E_ENE_STD = 0.727292764512777
B_L1_E_ENE_mean = -1.7464718189202906
B_L1_E_WAS_STD = 1.3303060064624879
B_L1_E_WAS_mean = 0.5527029593868827
B_L1_E_WAT_STD = 0.07633215490200958
B_L1_E_WAT_mean = -0.02619355162255852
B_L1_G_CSR_STD = -8.100293430470499
B_L1_G_CSR_mean = 0.26105115509022164
B_L1_G_MGS_STD = -6.05787539611575
B_L1_G_MGS_mean = 13.317308242262621
B_L1_S_HRS_STD = -8.62710770052409
B_L1_S_HRS_mean = -8.086391032771067
B_L1_S_WFS_STD = 15.638144090342644
B_L1_S_WFS_mean = 7.147847792801125
B_L2_E_STD = 1.7866570075694372
B_L2_E_mean = 1.8424429033982392
B_L2_G_STD = -2.213550722272914
B_L2_G_mean = 0.653941562375858
B_L2_STD = -2.2661092227357407
B_L2_S_STD = -0.8197582089322153
B_L2_S_mean = 1.677227941752905
B_L2_mean = -17.56896034735682
B_L3_E_Imp_STD = 41.37364568059032
B_L3_E_Imp_mean = -15.836518533057225
B_L3_G_Imp_STD = -57.973727185974795
B_L3_G_Imp_mean = -17.574435064511263
B_L3_STD = -17.270426254292353
B_L3_S_Imp_STD = 40.460038962277444
B_L3_S_Imp_mean = -10.7872402653268
B_L3_mean = -4.509342613865907
B_L4_E_Green_STD = 9.303434483065088
B_L4_E_Green_mean = 12.485090902118944
B_L4_E_Yellow_STD = -19.75628071785816
B_L4_E_Yellow_mean = 3.552497047320513
B_L4_G_Green_STD = 38.32946896617632
B_L4_G_Green_mean = -12.681821443284033
B_L4_G_Yellow_STD = -14.956195988179571
B_L4_G_Yellow_mean = 1.0473705217898728
B_L4_STD = 19.436225494532966
B_L4_S_Green_STD = -23.182784962674706
B_L4_S_Green_mean = 0.11457254866351496
B_L4_S_Yellow_STD = 29.349131116761345
B_L4_S_Yellow_mean = -1.9443247582861942
B_L4_mean = -8.957666977319375
B_MAT_OC_STD = 24.913075221354433
B_MAT_OC_mean = 7.395004808119408
B_MAT_PE_STD = 8.842875700470746
B_MAT_PE_mean = -9.539728003824996
B_MAT_RM_STD = 25.670887055017054
B_MAT_RM_mean = -2.9672114143884225
B_MAT_WO_STD = -5.442736507624919
B_MAT_WO_mean = 1.6533675621030386
B_PRICE_STD = 1.9462333620635137
B_PRICE_mean = -1.8307840181427597
B_Q_HIGH_STD = -20.709064308119807
B_Q_HIGH_mean = 22.90747387907429
B_Q_MED_STD = -10.150947988875398
B_Q_MED_mean = 7.368166707141614
