A1_ASC = -0.12396921316621576
A3_ASC = -9.073020560328382
B_COM_A_G_STD = -14.730351472293334
B_COM_A_G_mean = 11.599354227646794
B_COM_BGD_STD = -11.102848302492836
B_COM_BGD_mean = -3.277250744235495
B_COM_EUR_mean = 5.382395375982823
B_COM_VNM_STD = 7.837541529484235
B_COM_VNM_mean = -4.8352883234197215
B_L1_E_CO2_STD = 0.25322991963722463
B_L1_E_CO2_mean = 0.14449475776981513
B_L1_E_ENE_STD = 0.08951978661797612
B_L1_E_ENE_mean = -0.05420107938224198
B_L1_E_WAS_STD = -0.0033891048772357268
B_L1_E_WAS_mean = -0.003671516029901596
B_L1_E_WAT_STD = 0.0023718567651011225
B_L1_E_WAT_mean = -0.0005047684741919055
B_L1_G_CSR_STD = -26.68370631947805
B_L1_G_CSR_mean = 7.790468413354933
B_L1_G_MGS_STD = -26.71022554673713
B_L1_G_MGS_mean = 25.08394556731219
B_L1_S_WFS_STD = 2.6167476014817552
B_L1_S_WFS_mean = 4.523084991861518
B_L2_E_STD = 0.06340703379599716
B_L2_E_mean = 1.7261682611656304
B_L2_G_STD = 0.6088179039973209
B_L2_G_mean = 1.8488649408916658
B_L2_STD = -13.549061657469627
B_L2_S_STD = 1.4169636356553206
B_L2_S_mean = 2.378802596441924
B_L2_mean = -13.30982378914246
B_L3_E_Imp_STD = -42.26295191234402
B_L3_E_Imp_mean = -16.530497190187525
B_L3_G_Imp_STD = 12.179782412497007
B_L3_G_Imp_mean = -9.312296558744134
B_L3_STD = -5.4318322702773205
B_L3_S_Imp_STD = 10.191956720261315
B_L3_S_Imp_mean = -8.912790399794792
B_L3_mean = 15.306299992083717
B_L4_E_Green_STD = 5.615948157735168
B_L4_E_Green_mean = 6.454139626425789
B_L4_E_Yellow_mean = 3.4986293769219525
B_L4_G_Green_mean = 8.065758798913096
B_L4_G_Yellow_mean = -7.671928827790764
B_L4_STD = 21.434552039346173
B_L4_S_Green_STD = -20.886016981757017
B_L4_S_Green_mean = -2.4526740060795924
B_L4_S_Yellow_STD = -4.630272273475303
B_L4_S_Yellow_mean = 5.058373936385013
B_L4_mean = 11.518520235861958
B_MAT_OC_mean = -0.5314385330730762
B_MAT_PE_STD = 42.41063458580473
B_MAT_PE_mean = -13.460416089856656
B_MAT_RM_STD = -22.489999827995785
B_MAT_RM_mean = -2.6121818802568173
B_MAT_WO_STD = 25.919151990375088
B_MAT_WO_mean = -5.1513916501728705
B_PRICE_STD = -0.41231788357205734
B_PRICE_mean = -0.23679629290318785
B_Q_HIGH_STD = 24.629615476309798
B_Q_HIGH_mean = 14.910921860577536
B_Q_MED_STD = 4.02116162664012
B_Q_MED_mean = 12.401060717852184
