A1_ASC = 2.132318076687211
A3_ASC = -5.697814968937753
B_COM_A_G_STD = -19.346919134474017
B_COM_A_G_mean = 18.297978395508924
B_COM_BGD_STD = 8.222287748379246
B_COM_BGD_mean = 2.5805383153204464
B_COM_EUR_STD = 4.3786618044521735
B_COM_EUR_mean = 11.715299520505145
B_COM_VNM_STD = 16.426069711535487
B_COM_VNM_mean = 3.9363035416627623
B_L1_E_CO2_STD = -0.07504736428622663
B_L1_E_CO2_mean = -0.012347427713343153
B_L1_E_ENE_STD = 0.17147054439241985
B_L1_E_ENE_mean = 0.30286376155456757
B_L1_E_WAS_STD = -0.059602031656007665
B_L1_E_WAS_mean = 0.06799804292664095
B_L1_E_WAT_STD = 0.005428766681116898
B_L1_E_WAT_mean = -0.0015529807221899364
B_L1_G_CSR_STD = -4.790576221812026
B_L1_G_CSR_mean = 14.819048483996882
B_L1_G_MGS_STD = 30.20878591076061
B_L1_G_MGS_mean = -10.147352492531702
B_L1_S_HRS_STD = -22.00559511390698
B_L1_S_HRS_mean = -6.759508514728554
B_L1_S_WFS_STD = -2.0459885088907614
B_L1_S_WFS_mean = -1.2118291196559827
B_L2_E_STD = -3.854768269918778
B_L2_E_mean = 3.942441386437212
B_L2_G_STD = -0.9325664953591897
B_L2_G_mean = 1.4778743066302271
B_L2_STD = 9.332990728255956
B_L2_S_STD = 3.515471093290546
B_L2_S_mean = 2.8228637975848008
B_L2_mean = -15.691830630364823
B_L3_E_Imp_STD = -41.41012355218663
B_L3_E_Imp_mean = -13.306487035220039
B_L3_G_Imp_STD = 19.976960398283364
B_L3_G_Imp_mean = -22.726654151530642
B_L3_STD = 19.201313610086373
B_L3_S_Imp_STD = -31.112837976679042
B_L3_S_Imp_mean = -5.98773381305796
B_L3_mean = 23.538861038549815
B_L4_E_Green_STD = 36.1935434198591
B_L4_E_Green_mean = 1.032586439220128
B_L4_E_Yellow_STD = 9.334804267671844
B_L4_E_Yellow_mean = -3.3647816051931017
B_L4_G_Green_STD = -15.942870373608043
B_L4_G_Green_mean = 28.10669669547046
B_L4_G_Yellow_STD = -7.915238642151056
B_L4_G_Yellow_mean = 5.20491123615526
B_L4_STD = -11.894802417095741
B_L4_S_Green_STD = -10.054210191353935
B_L4_S_Green_mean = 7.30054906759409
B_L4_S_Yellow_STD = 58.875177894838366
B_L4_S_Yellow_mean = 0.37677195250940987
B_L4_mean = 2.652707590063489
B_MAT_OC_STD = 9.17853891288154
B_MAT_OC_mean = -5.715270014704389
B_MAT_PE_STD = -21.99365690728198
B_MAT_PE_mean = -19.75519136209541
B_MAT_RM_STD = -27.058824583006466
B_MAT_RM_mean = -0.33183550246044846
B_MAT_WO_STD = -12.960407788066693
B_MAT_WO_mean = -1.492311600060427
B_PRICE_STD = -0.5214880578989893
B_PRICE_mean = -0.7204777149111803
B_Q_HIGH_STD = 15.055357105720464
B_Q_HIGH_mean = 18.957353959764912
B_Q_MED_STD = -21.893494346173828
B_Q_MED_mean = 13.25387995021453
