A1_ASC = 1.4598209416994155
A3_ASC = -28.3919934021201
B_COM_A_G_STD = 29.3394588194888
B_COM_A_G_mean = 21.04024095884595
B_COM_BGD_STD = 15.954514412939771
B_COM_BGD_mean = -10.193323327139009
B_COM_EUR_STD = 31.064625787664085
B_COM_EUR_mean = 5.879593845349217
B_COM_VNM_STD = 9.771378716526371
B_COM_VNM_mean = -2.3657885065618425
B_L1_E_CO2_STD = -1.066574182031228
B_L1_E_CO2_mean = 0.03475182179468701
B_L1_E_ENE_STD = -0.04666657405975313
B_L1_E_ENE_mean = -0.06071962649309289
B_L1_E_WAS_STD = 0.1697112323270239
B_L1_E_WAS_mean = 0.0469601137978331
B_L1_E_WAT_STD = -0.0028863043193392947
B_L1_E_WAT_mean = 0.002536180229293429
B_L1_G_CSR_STD = 22.241479049799942
B_L1_G_CSR_mean = -0.8628445720563094
B_L1_G_MGS_STD = 18.01916641228685
B_L1_G_MGS_mean = 5.176074202727639
B_L1_S_HRS_STD = 21.523038896683246
B_L1_S_HRS_mean = 10.800395448003517
B_L1_S_WFS_STD = -13.675190657914706
B_L1_S_WFS_mean = 20.76206770370048
B_L2_E_STD = -0.884680828497129
B_L2_E_mean = 1.0727734814137577
B_L2_G_STD = 0.5661315906946147
B_L2_G_mean = -0.2875008790955927
B_L2_STD = -28.34162493156199
B_L2_S_STD = -0.50946970427877
B_L2_S_mean = 4.246400609335643
B_L2_mean = 8.991758701804784
B_L3_E_Imp_STD = -19.79965337454467
B_L3_E_Imp_mean = -7.0139714052723345
B_L3_G_Imp_STD = 58.779694958953186
B_L3_G_Imp_mean = 0.2077431515666874
B_L3_STD = 3.894480545919316
B_L3_S_Imp_STD = 27.29299754777631
B_L3_S_Imp_mean = -5.253131097651513
B_L3_mean = 36.545830777423696
B_L4_E_Green_STD = -8.7557652093082
B_L4_E_Green_mean = 29.653300222591277
B_L4_E_Yellow_STD = 26.31535669916768
B_L4_E_Yellow_mean = 29.079897758054607
B_L4_G_Green_STD = 2.758040873496235
B_L4_G_Green_mean = -3.507485017990177
B_L4_G_Yellow_STD = -64.81797872269982
B_L4_G_Yellow_mean = -28.65154842428846
B_L4_STD = -5.7056994801164995
B_L4_S_Green_STD = -14.124734498819556
B_L4_S_Green_mean = 29.981043473559943
B_L4_S_Yellow_STD = 14.368094522030045
B_L4_S_Yellow_mean = 19.323456437968005
B_L4_mean = -1.5615063705388073
B_MAT_OC_STD = 35.37282158619041
B_MAT_OC_mean = -3.3354234898117414
B_MAT_PE_STD = -18.391770035709126
B_MAT_PE_mean = -10.954165362158479
B_MAT_RM_STD = 8.732342186223923
B_MAT_RM_mean = 2.163100452100182
B_MAT_WO_STD = -10.226853177614318
B_MAT_WO_mean = -4.748943729404451
B_PRICE_STD = 0.573165540655134
B_PRICE_mean = -0.8391677146169513
B_Q_HIGH_STD = 45.55474207211871
B_Q_HIGH_mean = 21.551394171479554
B_Q_MED_STD = -28.363766773523867
B_Q_MED_mean = 11.518097126914364
