A1_ASC = 0.22836708993675414
A3_ASC = -1.1367051835724855
B_COM_A_G_STD = 1.6915166676895905
B_COM_A_G_mean = 1.0253517607983063
B_COM_BGD_STD = -0.8431312172427754
B_COM_BGD_mean = -0.05094519763919975
B_COM_EUR_STD = -0.7095275674780958
B_COM_EUR_mean = 0.42624165881593024
B_COM_VNM_STD = -1.0782119520124727
B_COM_VNM_mean = -0.0005543101974427508
B_L1_E_CO2_STD = -0.016554208669070123
B_L1_E_CO2_mean = -0.0032680533459095258
B_L1_E_ENE_STD = -0.0037929568343044516
B_L1_E_ENE_mean = -0.0017534721477523191
B_L1_E_WAS_STD = -7.751046710829926e-06
B_L1_E_WAS_mean = 0.002713866829647068
B_L1_E_WAT_STD = 0.00012539017739388036
B_L1_E_WAT_mean = 0.00010867695405047468
B_L1_G_CSR_STD = 1.7649362924538228
B_L1_G_CSR_mean = 0.6597505590624746
B_L1_G_MGS_STD = -0.8372168480613903
B_L1_G_MGS_mean = 0.4630684665998929
B_L1_S_HRS_STD = -0.9650951785527978
B_L1_S_HRS_mean = 0.22854135904114614
B_L1_S_WFS_STD = 0.6971273324072573
B_L1_S_WFS_mean = 0.6172286588260689
B_L2_E_STD = 0.14692941611819818
B_L2_E_mean = 0.11527385857773878
B_L2_G_STD = 0.00942552891486669
B_L2_G_mean = 0.031148707423662547
B_L2_STD = 0.5509724844516386
B_L2_S_STD = -0.06256994112613941
B_L2_S_mean = 0.1936221284202085
B_L2_mean = 0.09914809031360283
B_L3_E_Imp_STD = 2.0483879399981477
B_L3_E_Imp_mean = -0.6102068804286616
B_L3_G_Imp_STD = -1.8574845269164963
B_L3_G_Imp_mean = -0.6850869214650371
B_L3_STD = 0.7258814223813831
B_L3_S_Imp_STD = -0.8474313719569533
B_L3_S_Imp_mean = -0.7238966497499504
B_L3_mean = 1.9436589350805908
B_L4_E_Green_STD = -1.5445017705760657
B_L4_E_Green_mean = 0.8585962938602746
B_L4_E_Yellow_STD = 0.8918072922861652
B_L4_E_Yellow_mean = 0.7654193470855809
B_L4_G_Green_STD = -0.5368357400873008
B_L4_G_Green_mean = 0.9131416316931958
B_L4_G_Yellow_STD = -2.1447585640148876
B_L4_G_Yellow_mean = -0.2078632393392411
B_L4_STD = 1.1467116139096536
B_L4_S_Green_STD = 0.17471407460254285
B_L4_S_Green_mean = 0.7353277120529191
B_L4_S_Yellow_STD = -1.011166744298409
B_L4_S_Yellow_mean = 0.4554483309306188
B_L4_mean = 0.1049318942899571
B_MAT_OC_STD = 1.5173297688605762
B_MAT_OC_mean = -0.33194063885912617
B_MAT_PE_STD = -0.7981935173630652
B_MAT_PE_mean = -1.0608089364332696
B_MAT_RM_STD = -0.792658230929075
B_MAT_RM_mean = -0.05178677371548366
B_MAT_WO_STD = 0.3546840818900159
B_MAT_WO_mean = -0.26897291481714186
B_PRICE_STD = 0.03824849892374043
B_PRICE_mean = -0.04706767182763429
B_Q_HIGH_STD = 1.9087262191840024
B_Q_HIGH_mean = 1.0971083681223486
B_Q_MED_STD = 1.3330516715183638
B_Q_MED_mean = 0.7589780649677836
