A1_ASC = 0.13837709202551599
A3_ASC = -2.1999429346030883
B_COM_A_G_STD = -1.1476085457157923
B_COM_A_G_mean = 1.14841203587467
B_COM_BGD_STD = -0.9789959817401127
B_COM_BGD_mean = 0.10187333909887547
B_COM_EUR_STD = 0.2213453785294875
B_COM_EUR_mean = 0.6912031328545107
B_COM_VNM_STD = 1.08941360892731
B_COM_VNM_mean = 0.14831277945044113
B_MAT_OC_STD = -0.6432784728033526
B_MAT_OC_mean = 0.09659009847667
B_MAT_PE_STD = 1.1431441242354214
B_MAT_PE_mean = -1.0855737050459768
B_MAT_RM_STD = 0.3483878998533822
B_MAT_RM_mean = -0.12682323367662612
B_MAT_WO_STD = -0.2372551005778381
B_MAT_WO_mean = -0.4375316198761181
B_PRICE_STD = -0.03690163513360661
B_PRICE_mean = -0.04644753482060283
B_Q_HIGH_STD = -1.3434863942899165
B_Q_HIGH_mean = 1.1140509810441783
B_Q_MED_STD = 0.6360029786539538
B_Q_MED_mean = 0.6384452948312473
