A1_ASC = 0.25376867887999743
A3_ASC = -14.278346198470688
B_COM_A_G_STD = 21.55524062184678
B_COM_A_G_mean = 9.139357639151065
B_COM_BGD_STD = -13.88893144089584
B_COM_BGD_mean = -1.7795565999024194
B_COM_EUR_STD = 2.960580493162324
B_COM_EUR_mean = 3.28018141698549
B_COM_VNM_STD = -16.982513660835792
B_COM_VNM_mean = -1.2202257990806646
B_L1_E_CO2_STD = 0.053987712671001206
B_L1_E_CO2_mean = 0.3112951219078392
B_L1_E_ENE_STD = -0.012747210434686159
B_L1_E_ENE_mean = 0.035574994833537224
B_L1_E_WAS_STD = -0.006671316471988315
B_L1_E_WAS_mean = 0.0024848899533981483
B_L1_E_WAT_STD = -0.00041220637100472665
B_L1_E_WAT_mean = -0.00029551178547835335
B_L1_G_CSR_STD = -15.940729609054456
B_L1_G_CSR_mean = -3.4243496208585165
B_L1_G_MGS_STD = -12.318534382110736
B_L1_G_MGS_mean = -2.162109597334758
B_L1_S_HRS_STD = -12.541210422105555
B_L1_S_HRS_mean = 5.97112381313935
B_L1_S_WFS_STD = -3.771287103201097
B_L1_S_WFS_mean = -0.5781130562513549
B_L2_E_STD = -1.4483494242439903
B_L2_E_mean = 2.5023986460194467
B_L2_G_STD = -1.7518421806149127
B_L2_G_mean = 2.4969757312913377
B_L2_STD = 11.791375846308188
B_L2_S_STD = -0.5574009706063535
B_L2_S_mean = 1.566145461050623
B_L2_mean = -12.629396116714481
B_L3_E_Imp_STD = -26.472727061719365
B_L3_E_Imp_mean = -13.160933282279991
B_L3_G_Imp_STD = -11.558556807319354
B_L3_G_Imp_mean = -9.091313960973102
B_L3_STD = 0.9684043718218398
B_L3_S_Imp_STD = 33.199199467742574
B_L3_S_Imp_mean = -3.0607678192678276
B_L3_mean = 20.254490096774923
B_L4_E_Green_STD = 1.9599925211067937
B_L4_E_Green_mean = 8.992564174677355
B_L4_E_Yellow_STD = -16.62470683096264
B_L4_E_Yellow_mean = 7.027509866394398
B_L4_G_Green_STD = 17.230284405264715
B_L4_G_Green_mean = 4.565445143886699
B_L4_G_Yellow_STD = -4.178138903487272
B_L4_G_Yellow_mean = 1.4721881737315554
B_L4_STD = 12.786990166509257
B_L4_S_Green_STD = -2.2162206638454545
B_L4_S_Green_mean = 12.091288588220886
B_L4_S_Yellow_STD = -2.5251294832955793
B_L4_S_Yellow_mean = 15.91359965813748
B_L4_mean = -0.7912176842837992
B_MAT_OC_STD = 11.046855164976279
B_MAT_OC_mean = -0.1899632714481022
B_MAT_PE_STD = 28.380373516555775
B_MAT_PE_mean = -9.172256061780907
B_MAT_RM_STD = -8.90906209975751
B_MAT_RM_mean = -5.979299167420384
B_MAT_WO_STD = 5.653465302857812
B_MAT_WO_mean = -4.62931799928635
B_PRICE_STD = 0.24561428401575852
B_PRICE_mean = -0.23237675625431783
B_Q_HIGH_STD = -14.677178221184766
B_Q_HIGH_mean = 13.717992285381124
B_Q_MED_STD = 7.774084143900086
B_Q_MED_mean = 8.745312525516756
