A1_ASC = 0.1559664714084629
A3_ASC = 0.2879565297070164
B_COM_A_G_STD = -0.09011825454332906
B_COM_A_G_mean = 0.5850129828549812
B_COM_BGD_STD = -0.24539335587863584
B_COM_BGD_mean = 0.26679382701129867
B_COM_EUR_STD = -0.17816751102107667
B_COM_EUR_mean = 0.4896783151712463
B_COM_VNM_STD = -0.008660264431966654
B_COM_VNM_mean = 0.25694002685673073
B_L1_E_CO2_STD = -0.0033603032746793316
B_L1_E_CO2_mean = -0.0007145363778590217
B_L1_E_ENE_STD = 0.00041929685156266754
B_L1_E_ENE_mean = 0.0063020669406959684
B_L1_E_WAS_STD = -0.0012723798566325684
B_L1_E_WAS_mean = 0.0019428639688027745
B_L1_E_WAT_STD = -2.3166522249814647e-05
B_L1_E_WAT_mean = 0.00010311487439189987
B_L1_G_CSR_STD = -0.21332536411400438
B_L1_G_CSR_mean = 0.5823072093037314
B_L1_G_MGS_STD = 0.2562253626168491
B_L1_G_MGS_mean = 0.2643662373438397
B_L1_S_HRS_STD = 0.11302670306749438
B_L1_S_HRS_mean = -0.19355898733035568
B_L1_S_WFS_STD = 0.4139904269111744
B_L1_S_WFS_mean = 0.40311839930407267
B_L2_E_STD = 0.006289926467004532
B_L2_E_mean = 0.10479962234337352
B_L2_G_STD = 0.01977272008003812
B_L2_G_mean = 0.05936476184946211
B_L2_STD = -0.03732993500436153
B_L2_S_STD = -0.013001576195666355
B_L2_S_mean = 0.09034924651626014
B_L2_mean = 0.2859271187091455
B_L3_E_Imp_STD = -0.22551410218728093
B_L3_E_Imp_mean = -0.42041093618470127
B_L3_G_Imp_STD = 0.2693598069299494
B_L3_G_Imp_mean = -0.47501220311401354
B_L3_STD = -0.002281791435992473
B_L3_S_Imp_STD = -0.2632301324128504
B_L3_S_Imp_mean = -0.5433149372251186
B_L3_mean = 1.5400050250018271
B_L4_E_Green_STD = 0.06074595686949519
B_L4_E_Green_mean = -0.12707779953668133
B_L4_E_Yellow_STD = 0.013696616091718822
B_L4_E_Yellow_mean = 0.10003666271226012
B_L4_G_Green_STD = -0.019356808591169464
B_L4_G_Green_mean = 1.1101735943853015
B_L4_G_Yellow_STD = 0.0045117768829937
B_L4_G_Yellow_mean = 0.6169868944852206
B_L4_STD = 0.18176631297991935
B_L4_S_Green_STD = 0.06956021250501823
B_L4_S_Green_mean = 0.36627662372812364
B_L4_S_Yellow_STD = -0.23316324418537815
B_L4_S_Yellow_mean = 0.5761042003926528
B_L4_mean = 0.396796644974868
B_MAT_OC_STD = -0.13253336406239213
B_MAT_OC_mean = -0.16604890870841668
B_MAT_PE_STD = 0.16140180486183822
B_MAT_PE_mean = -0.6570533785042109
B_MAT_RM_STD = 0.0751443192027522
B_MAT_RM_mean = 0.024439204993119742
B_MAT_WO_STD = -0.1739745903648086
B_MAT_WO_mean = -0.04663983874631705
B_PRICE_STD = 0.001131796002918285
B_PRICE_mean = -0.029940574796166977
B_Q_HIGH_STD = 0.06471577708625376
B_Q_HIGH_mean = 0.5830293583073989
B_Q_MED_STD = -0.08654054993033783
B_Q_MED_mean = 0.48151017054044826
