A1_ASC = -0.13380566372862904
A3_ASC = -2.5737060981740787
B_COM_A_G_STD = -0.8486818774675996
B_COM_A_G_mean = 1.477593352116742
B_COM_BGD_STD = -0.7677948906418051
B_COM_BGD_mean = 0.32146125963047634
B_COM_EUR_STD = -0.2595208633220525
B_COM_EUR_mean = 0.6483429294643794
B_COM_VNM_STD = 0.36459452917863716
B_COM_VNM_mean = 0.6356388930951689
B_MAT_OC_STD = 0.7016455964417297
B_MAT_OC_mean = 0.12238370867099013
B_MAT_PE_STD = -1.3099652286163437
B_MAT_PE_mean = -0.857177724950393
B_MAT_RM_STD = 0.22566498326839052
B_MAT_RM_mean = -0.3644703268660448
B_MAT_WO_STD = -1.312602514197363
B_MAT_WO_mean = -0.05036376270299863
B_PRICE_STD = 0.10398030642741488
B_PRICE_mean = -0.15084150669914964
B_Q_HIGH_STD = -1.1814278902911657
B_Q_HIGH_mean = 1.0161209698803422
B_Q_MED_STD = -0.5790160267154724
B_Q_MED_mean = 0.7889852944144587
