A1_ASC = 0.3063357892773998
A3_ASC = -0.04377547481865789
B_COM_A_G_STD = 0.5898868680756733
B_COM_A_G_mean = 0.971848675946568
B_COM_BGD_STD = -0.6329744659527039
B_COM_BGD_mean = 0.3464130618042776
B_COM_EUR_STD = -0.2529204180431326
B_COM_EUR_mean = 0.8200042799579191
B_COM_VNM_STD = -0.42728474144259443
B_COM_VNM_mean = 0.2752738113856918
B_L1_E_CO2_STD = 0.05185187373735423
B_L1_E_CO2_mean = 5.024918284575965e-05
B_L1_E_ENE_STD = -0.00025227886099965757
B_L1_E_ENE_mean = 0.0031022805202648358
B_L1_E_WAS_STD = 0.0077184486863645105
B_L1_E_WAS_mean = 0.0024395883397628766
B_L1_E_WAT_STD = -0.0001190843587508834
B_L1_E_WAT_mean = 4.602728296524835e-05
B_L1_G_CSR_STD = -0.38670556050739696
B_L1_G_CSR_mean = 1.164112808198675
B_L1_G_MGS_STD = 1.7439594193853416
B_L1_G_MGS_mean = 0.4874819016153274
B_L1_S_HRS_STD = -1.2468684543729862
B_L1_S_HRS_mean = -0.26922646854069304
B_L1_S_WFS_STD = 1.1606102387778636
B_L1_S_WFS_mean = 0.839352280537431
B_L2_E_STD = -0.14677559411823232
B_L2_E_mean = 0.2305915525600716
B_L2_G_STD = 0.047380012865139765
B_L2_G_mean = 0.10309973046467776
B_L2_STD = 1.26624110095421
B_L2_S_STD = 0.1824067954340842
B_L2_S_mean = 0.1915634548797242
B_L2_mean = -0.4637615230531406
B_L3_E_Imp_STD = 3.0532530960375657
B_L3_E_Imp_mean = -0.8764393345733353
B_L3_G_Imp_STD = 0.43307098055672266
B_L3_G_Imp_mean = -0.9317856813803378
B_L3_STD = -0.7006225057973364
B_L3_S_Imp_STD = 1.6417129524850738
B_L3_S_Imp_mean = -0.837923693711848
B_L3_mean = 2.1894328324397727
B_L4_E_Green_STD = -0.9256341854015098
B_L4_E_Green_mean = -0.024907572292951985
B_L4_E_Yellow_STD = -1.0764962532304903
B_L4_E_Yellow_mean = 0.18295889882002703
B_L4_G_Green_STD = -0.05335510684735783
B_L4_G_Green_mean = 1.7980838579797553
B_L4_G_Yellow_mean = 0.728323727798491
B_L4_STD = -0.20097547607495111
B_L4_S_Green_STD = -0.6551282290223996
B_L4_S_Green_mean = 0.549998504160355
B_L4_S_Yellow_STD = -3.746831265047319
B_L4_S_Yellow_mean = 0.45933512997561354
B_L4_mean = 0.18700369267864778
B_MAT_OC_STD = 0.06433257491019712
B_MAT_OC_mean = -0.3744330199926271
B_MAT_PE_STD = 0.22035285724901477
B_MAT_PE_mean = -1.1860211028451373
B_MAT_RM_STD = 1.9554197119765944
B_MAT_RM_mean = -0.14245722585941462
B_MAT_WO_STD = -0.7218343066728504
B_MAT_WO_mean = -0.09690989688141476
B_PRICE_STD = -0.037115807837894775
B_PRICE_mean = -0.05207517864612731
B_Q_HIGH_STD = 1.2859143573160245
B_Q_HIGH_mean = 1.1317297838124851
B_Q_MED_STD = -1.3175109003566465
B_Q_MED_mean = 0.9427692243793205
