A1_ASC = 0.14683252401672153
A3_ASC = -4.799912744165956
B_COM_A_G_STD = 8.790717575206925
B_COM_A_G_mean = 3.8106782858022408
B_COM_BGD_STD = 1.45722435598581
B_COM_BGD_mean = -1.5018758849171066
B_COM_EUR_STD = 10.89091009092944
B_COM_EUR_mean = 2.743715790360828
B_COM_VNM_STD = 2.8070236050159254
B_COM_VNM_mean = -0.9630355369689245
B_L1_E_CO2_STD = 0.18474467750855444
B_L1_E_CO2_mean = 0.039955696246825156
B_L1_E_ENE_STD = -0.009337456183166434
B_L1_E_ENE_mean = -0.015286556882448848
B_L1_E_WAS_STD = 0.0005521554916788311
B_L1_E_WAS_mean = -0.0016614376614353433
B_L1_E_WAT_STD = 0.0006962026021680209
B_L1_E_WAT_mean = -9.377380938066339e-05
B_L1_G_CSR_STD = 5.157694849520003
B_L1_G_CSR_mean = 3.2244663429329967
B_L1_G_MGS_STD = -10.736720053160868
B_L1_G_MGS_mean = 7.721367777032273
B_L1_S_HRS_STD = 0.7325886808439412
B_L1_S_HRS_mean = 0.872470280784271
B_L1_S_WFS_STD = 0.007116088918622213
B_L1_S_WFS_mean = 2.2009543887479235
B_L2_E_STD = -0.3629697869079915
B_L2_E_mean = 1.100185683885581
B_L2_G_STD = 0.22227139131997875
B_L2_G_mean = 0.7974960531964125
B_L2_STD = 5.872484433365018
B_L2_S_STD = -0.26089607999153214
B_L2_S_mean = 0.8605954819458924
B_L2_mean = -8.011273037730742
B_L3_E_Imp_STD = -19.47925602187331
B_L3_E_Imp_mean = -8.851441429088997
B_L3_G_Imp_STD = -18.66786381331388
B_L3_G_Imp_mean = -7.910609609049052
B_L3_STD = 5.278663159281556
B_L3_S_Imp_STD = 4.136095571459794
B_L3_S_Imp_mean = -3.613849481270405
B_L3_mean = 5.250956150519974
B_L4_E_Green_STD = 0.21441221243678718
B_L4_E_Green_mean = 1.5518235213715739
B_L4_E_Yellow_STD = -0.22182451356009592
B_L4_E_Yellow_mean = 1.1045376092272812
B_L4_G_Green_STD = 7.934192154356682
B_L4_G_Green_mean = 2.7917934832172513
B_L4_G_Yellow_STD = -0.5651686854700475
B_L4_G_Yellow_mean = -2.5527842976823183
B_L4_STD = -8.676720513891905
B_L4_S_Green_STD = 5.300303786070481
B_L4_S_Green_mean = 0.10531529176541668
B_L4_S_Yellow_STD = -1.0835782149044373
B_L4_S_Yellow_mean = 1.9672769423381318
B_L4_mean = 4.54786501076114
B_MAT_OC_STD = -3.349578697159601
B_MAT_OC_mean = 0.9642444180577682
B_MAT_PE_STD = 20.159007291596563
B_MAT_PE_mean = -5.491359150379538
B_MAT_RM_STD = 5.332062680627489
B_MAT_RM_mean = -1.2523764742247432
B_MAT_WO_STD = -6.837105089758711
B_MAT_WO_mean = -1.4076252645840257
B_PRICE_STD = -0.15082717740708454
B_PRICE_mean = -0.11863229460517986
B_Q_HIGH_STD = -12.056322110374994
B_Q_HIGH_mean = 5.991073224063319
B_Q_MED_STD = -1.1430431197057882
B_Q_MED_mean = 4.743330185318476
