A1_ASC = 0.032641549663961204
A3_ASC = -2.425664666325478
B_COM_A_G_STD = -0.53065800107322
B_COM_A_G_mean = 1.256306973311905
B_COM_BGD_STD = -1.091623075460407
B_COM_BGD_mean = -0.13088664765448715
B_COM_EUR_STD = 0.9609796757704379
B_COM_EUR_mean = 0.8239022624336739
B_COM_VNM_STD = 0.9610015264847586
B_COM_VNM_mean = -0.38479517285081877
B_MAT_OC_STD = 1.094244086235631
B_MAT_OC_mean = -0.23928688492204103
B_MAT_PE_STD = -1.5188622756900132
B_MAT_PE_mean = -1.344014290574366
B_MAT_RM_STD = -1.1232218107287641
B_MAT_RM_mean = -0.46132918568066644
B_MAT_WO_STD = -0.9864611704300132
B_MAT_WO_mean = -0.48600838895788456
B_PRICE_STD = 0.025474482248204068
B_PRICE_mean = -0.028729822386510548
B_Q_HIGH_STD = 0.7565238903363463
B_Q_HIGH_mean = 1.6353100724671026
B_Q_MED_STD = -1.2581699951144731
B_Q_MED_mean = 1.0574800813172502
