A1_ASC = 2.466086110254738
A3_ASC = -4.215703038410041
B_COM_A_G_STD = -15.031682828267652
B_COM_A_G_mean = 11.76051390253032
B_COM_BGD_STD = 12.959342825157911
B_COM_BGD_mean = 6.933476347887878
B_COM_EUR_STD = 7.012387166220554
B_COM_EUR_mean = 8.232178423485804
B_COM_VNM_STD = 13.262881736160889
B_COM_VNM_mean = 4.620650082328401
B_L1_E_CO2_STD = -0.07373625516149454
B_L1_E_CO2_mean = -0.17479583272496352
B_L1_E_ENE_STD = 0.05079267846356779
B_L1_E_ENE_mean = 0.09794681235341522
B_L1_E_WAS_STD = -0.05573388901108169
B_L1_E_WAS_mean = 0.03975263899216243
B_L1_E_WAT_STD = 0.0034579935387122457
B_L1_E_WAT_mean = 0.0007829271669432755
B_L1_G_CSR_STD = -10.567537893529495
B_L1_G_CSR_mean = 14.989908713893875
B_L1_G_MGS_STD = 17.8146934615916
B_L1_G_MGS_mean = 1.005722681299626
B_L1_S_HRS_STD = -13.999972760664786
B_L1_S_HRS_mean = -6.824834025481625
B_L1_S_WFS_STD = -12.95086118298388
B_L1_S_WFS_mean = 2.050997032219672
B_L2_E_STD = -2.346338770765307
B_L2_E_mean = 2.2458054744318843
B_L2_G_STD = -1.407442349118334
B_L2_G_mean = 0.9416755136683507
B_L2_STD = 15.711087433291484
B_L2_S_STD = 2.390702498264414
B_L2_S_mean = 1.9409942710629327
B_L2_mean = -5.660951051959314
B_L3_E_Imp_STD = -24.06222949625162
B_L3_E_Imp_mean = -4.901916428892058
B_L3_G_Imp_STD = 22.436043411853106
B_L3_G_Imp_mean = -11.500407098354524
B_L3_S_Imp_STD = 23.26386405726287
B_L3_S_Imp_mean = -8.929289111735274
B_L3_mean = 16.49268759015478
B_L4_E_Green_STD = 21.89304754001953
B_L4_E_Green_mean = -2.018544837582624
B_L4_E_Yellow_STD = -10.984715446780907
B_L4_E_Yellow_mean = 0.21215380815752274
B_L4_G_Green_STD = -12.639228764824688
B_L4_G_Green_mean = 20.190602467245714
B_L4_G_Yellow_mean = 8.077851228200196
B_L4_STD = -2.673542421341231
B_L4_S_Green_mean = 4.174477656144533
B_L4_S_Yellow_STD = 32.43529404222872
B_L4_S_Yellow_mean = 8.603350162965631
B_L4_mean = -1.6422691595860444
B_MAT_OC_STD = -5.1672162075871855
B_MAT_OC_mean = -6.387217968681425
B_MAT_PE_STD = -17.93781980571858
B_MAT_PE_mean = -16.78785513099005
B_MAT_RM_STD = -18.92170001926357
B_MAT_RM_mean = -1.257992294872077
B_MAT_WO_STD = -16.352533485417585
B_MAT_WO_mean = -1.4057332901776567
B_PRICE_STD = -0.4699198952330429
B_PRICE_mean = -0.5598122341756943
B_Q_HIGH_STD = -6.15296346404896
B_Q_HIGH_mean = 13.262596513034264
B_Q_MED_STD = -17.84142083263003
B_Q_MED_mean = 11.56491010075995
