A1_ASC = -0.013472497018798218
A3_ASC = -2.924600737397879
B_COM_A_G_STD = 2.0318130184229704
B_COM_A_G_mean = 1.2247097738038506
B_COM_BGD_STD = -0.0030313722453457425
B_COM_BGD_mean = -0.08235515269586054
B_COM_EUR_STD = 1.736367208147589
B_COM_EUR_mean = 1.1365017975903338
B_COM_VNM_STD = -1.052329073085187
B_COM_VNM_mean = 0.041885054869823996
B_MAT_OC_STD = 1.7717947498553648
B_MAT_OC_mean = 0.12962957587899787
B_MAT_PE_STD = -1.1692212059913045
B_MAT_PE_mean = -0.5736396442341394
B_MAT_RM_STD = 1.1317871861637516
B_MAT_RM_mean = -0.4662647819716366
B_MAT_WO_STD = -0.9903696629421374
B_MAT_WO_mean = -0.00017810948242413503
B_PRICE_STD = 0.005227101380750442
B_PRICE_mean = -0.00597831280422614
B_Q_HIGH_STD = 2.927592991023585
B_Q_HIGH_mean = 1.8139326150791937
B_Q_MED_STD = 1.9574524733302687
B_Q_MED_mean = 0.7240763751715668
