A1_ASC = 0.18802977664574205
A3_ASC = -1.720204703288818
B_COM_A_G_mean = 0.9384368197136745
B_COM_EUR_mean = 0.7377430495290836
B_MAT_OC_STD = 1.0092378285314851
B_MAT_OC_mean = 0.047197110561285206
B_MAT_PE_STD = 1.4454232054687635
B_MAT_PE_mean = -1.0621193516689966
B_PRICE_STD = 0.034827422601586194
B_PRICE_mean = -0.04880254057172972
B_Q_HIGH_mean = 1.0319998154625871
B_Q_MED_mean = 0.6161962855839018
