A1_ASC = 0.05839928735024874
A3_ASC = -2.236311151718618
B_COM_A_G_mean = 1.148084448337679
B_COM_BGD_STD = -1.0740367861260431
B_COM_BGD_mean = -0.07167595708575696
B_COM_EUR_mean = 0.7988195436155305
B_COM_VNM_mean = -0.33014861540005547
B_MAT_OC_mean = -0.25108866582732914
B_MAT_PE_STD = 1.386532416544112
B_MAT_PE_mean = -1.2405935210697951
B_MAT_RM_STD = -0.9718900821463929
B_MAT_RM_mean = -0.4649824246118373
B_MAT_WO_STD = -1.3270403160066289
B_MAT_WO_mean = -0.5466463525492881
B_PRICE_STD = 0.022069077198503557
B_PRICE_mean = -0.027228653642344475
B_Q_HIGH_mean = 1.550422126024517
B_Q_MED_STD = 1.1446948245170316
B_Q_MED_mean = 1.0308435114117531
