A1_ASC = 0.09576947181936955
A3_ASC = -3.4202367991754237
B_COM_A_G_STD = 9.124413153990648
B_COM_A_G_mean = 3.7279666018359405
B_COM_BGD_STD = 0.6023886550802302
B_COM_BGD_mean = -0.994584523544844
B_COM_EUR_mean = 1.2571609198022544
B_COM_VNM_STD = -2.7745060889540523
B_COM_VNM_mean = -0.5715323984831469
B_L1_E_CO2_STD = -0.14236140850659715
B_L1_E_CO2_mean = 0.026298940523820796
B_L1_E_ENE_STD = -0.014380557435075091
B_L1_E_ENE_mean = -0.005455125782858292
B_L1_E_WAS_STD = 0.0030875342539424286
B_L1_E_WAS_mean = 0.0007069867709839149
B_L1_E_WAT_STD = 0.0006110711155864339
B_L1_E_WAT_mean = -0.00022777155205910303
B_L1_G_CSR_STD = -2.662029110208214
B_L1_G_CSR_mean = 2.551549209298023
B_L1_G_MGS_STD = -7.0087196583484435
B_L1_G_MGS_mean = 5.7878911860525655
B_L1_S_WFS_mean = 1.3156015127413236
B_L2_E_STD = -0.5575160336678326
B_L2_E_mean = 0.6935360213596988
B_L2_G_STD = -0.3178696804489706
B_L2_G_mean = 0.4779437865175085
B_L2_S_STD = -0.4088187899393181
B_L2_S_mean = 0.71251322781068
B_L2_mean = -4.783715830630796
B_L3_E_Imp_STD = 14.019582596828137
B_L3_E_Imp_mean = -6.222112554161701
B_L3_G_Imp_STD = -4.481579000281376
B_L3_G_Imp_mean = -3.527220177866599
B_L3_STD = -4.970466590465547
B_L3_S_Imp_STD = -11.874004043263596
B_L3_S_Imp_mean = -3.3241400886801467
B_L3_mean = 5.478046026835161
B_L4_E_Green_STD = -6.430024050477263
B_L4_E_Green_mean = 1.19178649056502
B_L4_E_Yellow_mean = 0.6578655565299554
B_L4_G_Green_mean = 2.469498451953897
B_L4_STD = 6.528960555209583
B_L4_S_Green_STD = 3.796883225009805
B_L4_S_Green_mean = 0.8463714939161782
B_L4_S_Yellow_STD = -0.8185709819238571
B_L4_S_Yellow_mean = 1.8943634139716479
B_L4_mean = 2.7234119231401506
B_MAT_OC_mean = -0.1801609935740231
B_MAT_PE_STD = 15.616000879051803
B_MAT_PE_mean = -2.9501099702898657
B_MAT_RM_STD = 4.499341594808757
B_MAT_RM_mean = -1.192178419478628
B_MAT_WO_STD = -5.716670362970794
B_MAT_WO_mean = -1.615415036915938
B_PRICE_STD = -0.12347625848754576
B_PRICE_mean = -0.0984658058619587
B_Q_HIGH_STD = -5.661701798675127
B_Q_HIGH_mean = 4.821342874604323
B_Q_MED_STD = 1.512385613747952
B_Q_MED_mean = 3.6004540368100013
