A1_ASC = 0.0547274469171764
A3_ASC = -13.217766046060685
B_COM_A_G_STD = 5.137797348458497
B_COM_A_G_mean = 5.998338646013869
B_COM_BGD_STD = 9.709310730361583
B_COM_BGD_mean = -2.3676948042460753
B_COM_EUR_mean = 1.8385278978963695
B_COM_VNM_STD = 4.633522067374299
B_COM_VNM_mean = -0.7756366738467164
B_L1_E_CO2_STD = -0.2429231485735485
B_L1_E_CO2_mean = 0.04247414040979438
B_L1_E_ENE_STD = 0.03916918564087368
B_L1_E_ENE_mean = -0.053630856632325564
B_L1_E_WAS_STD = 0.014980261795284848
B_L1_E_WAS_mean = -0.0020950713182198077
B_L1_E_WAT_STD = 0.0015222320504960393
B_L1_E_WAT_mean = -0.00017857900235082125
B_L1_G_CSR_STD = -10.22249019979083
B_L1_G_CSR_mean = 7.6628348187806505
B_L1_G_MGS_STD = -18.908122585893587
B_L1_G_MGS_mean = 12.127915912481145
B_L1_S_WFS_STD = -0.35448567308178264
B_L1_S_WFS_mean = 4.183516806068847
B_L2_E_STD = 0.21065116578125076
B_L2_E_mean = 2.0284265531787593
B_L2_G_STD = -1.3543831066606362
B_L2_G_mean = 1.346962168988252
B_L2_STD = -0.5335910268014568
B_L2_S_STD = -1.0231527959038615
B_L2_S_mean = 0.9766687090824453
B_L2_mean = -19.69405609970396
B_L3_E_Imp_STD = 42.306841190517204
B_L3_E_Imp_mean = -13.84274123751281
B_L3_G_Imp_STD = -15.856059485190135
B_L3_G_Imp_mean = -10.206647276755394
B_L3_STD = -7.696383523123501
B_L3_S_Imp_STD = -26.979308355825538
B_L3_S_Imp_mean = -9.522817004319375
B_L3_mean = 5.48504437273702
B_L4_E_Green_STD = -14.19936529497343
B_L4_E_Green_mean = 2.0640282006921917
B_L4_E_Yellow_mean = 1.0763997320456293
B_L4_G_Green_mean = 7.827822413280205
B_L4_STD = 8.480904897895126
B_L4_S_Green_STD = 12.721555523659513
B_L4_S_Green_mean = 0.04120191346793134
B_L4_S_Yellow_STD = 7.449509661360779
B_L4_S_Yellow_mean = 2.414234825829629
B_L4_mean = -1.3422133868834323
B_MAT_OC_mean = 1.747847858445744
B_MAT_PE_STD = 37.33982629789749
B_MAT_PE_mean = -7.464149451486893
B_MAT_RM_STD = 10.777632352098374
B_MAT_RM_mean = -1.6977715681873704
B_MAT_WO_STD = 6.72020835770595
B_MAT_WO_mean = -2.170729457590926
B_PRICE_STD = -0.26721277237771723
B_PRICE_mean = -0.18857293100754002
B_Q_HIGH_STD = 19.07120733060363
B_Q_HIGH_mean = 9.143454912163877
B_Q_MED_STD = -10.206689236688705
B_Q_MED_mean = 7.960716630893217
