A1_ASC = -1.6949238414814616
A3_ASC = -15.812581229641825
B_COM_A_G_STD = 12.733159995718163
B_COM_A_G_mean = 12.822283151160324
B_COM_BGD_STD = -16.4438447510704
B_COM_BGD_mean = -1.2307818653219258
B_COM_EUR_STD = -10.790376029718244
B_COM_EUR_mean = 12.633392289048379
B_COM_VNM_STD = 30.01413955492945
B_COM_VNM_mean = 0.7957061381037971
B_L1_E_CO2_STD = 0.0357944889651428
B_L1_E_CO2_mean = -0.030299758086795258
B_L1_E_ENE_STD = -0.0030642593380523597
B_L1_E_ENE_mean = -0.023780486499778233
B_L1_E_WAS_STD = -0.0069516569961986805
B_L1_E_WAS_mean = 0.004393067458585212
B_L1_E_WAT_mean = -0.00011745682440854101
B_L1_G_CSR_STD = -7.6617924509127535
B_L1_G_CSR_mean = 6.007813262418228
B_L1_G_MGS_STD = -19.610837412116805
B_L1_G_MGS_mean = 3.3369128385078115
B_L1_S_HRS_STD = -6.339570639567985
B_L1_S_HRS_mean = 9.944626221707026
B_L1_S_WFS_STD = 9.04196376525528
B_L1_S_WFS_mean = -0.2728665059824935
B_L2_E_STD = -1.4022861825625008
B_L2_E_mean = 0.49532250518668375
B_L2_G_STD = 2.3017140379412684
B_L2_G_mean = 0.6359557262057108
B_L2_STD = -18.688423864812325
B_L2_S_STD = -2.3979994505499374
B_L2_S_mean = 1.5583879783965882
B_L2_mean = -3.3086383342804755
B_L3_E_Imp_STD = -32.580708751288995
B_L3_E_Imp_mean = -9.86674451092418
B_L3_G_Imp_STD = -18.094011285179175
B_L3_G_Imp_mean = -13.771527995899122
B_L3_STD = 1.6252786157216073
B_L3_S_Imp_mean = -10.152952717331724
B_L3_mean = 3.6529180757738047
B_L4_E_Green_STD = -19.849853267530552
B_L4_E_Green_mean = 12.593039455696074
B_L4_E_Yellow_mean = 15.72713862347139
B_L4_G_Green_STD = 13.05327781351486
B_L4_G_Green_mean = 13.330022701801907
B_L4_G_Yellow_STD = 18.18912663133627
B_L4_G_Yellow_mean = 2.5952848214344453
B_L4_STD = -21.840337466533487
B_L4_S_Green_STD = -11.3753342409001
B_L4_S_Green_mean = 16.309016177645805
B_L4_S_Yellow_STD = -9.167172037243981
B_L4_S_Yellow_mean = 10.826412196052486
B_L4_mean = -23.444003962896865
B_MAT_OC_STD = -31.98991110108586
B_MAT_OC_mean = 11.079727432675309
B_MAT_PE_STD = -27.047915017844343
B_MAT_PE_mean = -8.080170056394962
B_MAT_RM_STD = -8.534611014200173
B_MAT_RM_mean = -1.6045348279871212
B_MAT_WO_mean = -2.094685467795243
B_PRICE_STD = 0.0727953931670513
B_PRICE_mean = -0.058721727387705626
B_Q_HIGH_STD = 9.325317935950434
B_Q_HIGH_mean = 10.258708144262396
B_Q_MED_STD = 18.03847277387808
B_Q_MED_mean = 9.94677623605686
