A1_ASC = 1.249862395066653
A3_ASC = -13.653266303170385
B_COM_A_G_STD = 17.68829503654995
B_COM_A_G_mean = 10.503967164225338
B_COM_BGD_STD = -10.781595798556475
B_COM_BGD_mean = 1.3048459800525165
B_COM_EUR_STD = -6.566205185300506
B_COM_EUR_mean = 3.8240420875058225
B_COM_VNM_STD = -11.789477408103863
B_COM_VNM_mean = 0.4488288295729844
B_L1_E_CO2_STD = -1.6816523779914354
B_L1_E_CO2_mean = -0.7770098345984604
B_L1_E_ENE_STD = 1.4093393102200955
B_L1_E_ENE_mean = 0.7578554167761075
B_L1_E_WAS_STD = -0.586119537978309
B_L1_E_WAS_mean = 0.47869401458965977
B_L1_E_WAT_STD = 0.0517262140328238
B_L1_E_WAT_mean = -0.005726279330338314
B_L1_G_CSR_STD = 6.218935316862706
B_L1_G_CSR_mean = -0.5136307897305525
B_L1_G_MGS_STD = 7.850504566913312
B_L1_G_MGS_mean = 2.4145442162440123
B_L1_S_HRS_STD = -4.5929314697713695
B_L1_S_HRS_mean = -1.788197668773325
B_L1_S_WFS_STD = 9.650483845106544
B_L1_S_WFS_mean = -4.000776407839199
B_L2_E_STD = -0.7172933037828275
B_L2_E_mean = 1.1992893483390474
B_L2_G_STD = 1.51056978880586
B_L2_G_mean = 0.37940635865773814
B_L2_STD = 8.838912715194976
B_L2_S_STD = 1.093411782542466
B_L2_S_mean = 1.2304844756274502
B_L2_mean = -7.509977514169771
B_L3_E_Imp_STD = -11.879885959816715
B_L3_E_Imp_mean = -7.1548116800463335
B_L3_G_Imp_STD = -17.484567931216148
B_L3_G_Imp_mean = -5.459156462112125
B_L3_STD = 5.324467250871386
B_L3_S_Imp_STD = -17.472172460650462
B_L3_S_Imp_mean = -3.723527348556856
B_L3_mean = 8.561209412373659
B_L4_E_Green_STD = 5.052095463853661
B_L4_E_Green_mean = 7.034533563638127
B_L4_E_Yellow_STD = 6.028985329514908
B_L4_E_Yellow_mean = 1.1682250479698892
B_L4_G_Green_STD = 11.620031638336355
B_L4_G_Green_mean = -1.3824410191200558
B_L4_G_Yellow_STD = -0.7322615680596439
B_L4_G_Yellow_mean = -1.4949233065544252
B_L4_STD = 6.616755283049337
B_L4_S_Green_STD = 1.5864928587153027
B_L4_S_Green_mean = 5.582468376772577
B_L4_S_Yellow_STD = 17.332997588618746
B_L4_S_Yellow_mean = 4.144359366375385
B_L4_mean = -1.3606938662657435
B_MAT_OC_STD = 9.469673170549722
B_MAT_OC_mean = 1.6256481796716424
B_MAT_PE_STD = -8.874013706532907
B_MAT_PE_mean = -6.125231427884347
B_MAT_RM_STD = -8.00767919081566
B_MAT_RM_mean = -2.107492718153762
B_MAT_WO_STD = -7.568598556638123
B_MAT_WO_mean = 0.4489659766747956
B_PRICE_STD = 1.2950612970753776
B_PRICE_mean = -1.182239163196851
B_Q_HIGH_STD = 14.48613883023162
B_Q_HIGH_mean = 9.280686724314904
B_Q_MED_STD = 7.7539282258667255
B_Q_MED_mean = 3.2175447855952797
