A1_ASC = 0.48490829364293364
A3_ASC = -8.752419694009463
B_COM_A_G_STD = -21.958946577442422
B_COM_A_G_mean = 10.837433136996617
B_COM_BGD_STD = -12.182032788988266
B_COM_BGD_mean = -0.10888171093171355
B_COM_EUR_STD = -27.210906168389226
B_COM_EUR_mean = 12.464616624792843
B_COM_VNM_STD = 23.4553375090865
B_COM_VNM_mean = 0.5566614679308253
B_L1_E_CO2_STD = -0.04119895364238767
B_L1_E_CO2_mean = -0.040116992911817924
B_L1_E_ENE_STD = -0.03185741088277381
B_L1_E_ENE_mean = 0.032837601283227755
B_L1_E_WAS_STD = 0.005725542169755408
B_L1_E_WAS_mean = 0.0031395346645344633
B_L1_E_WAT_STD = 0.0005191269988991908
B_L1_E_WAT_mean = 0.00018600672800106726
B_L1_G_CSR_STD = 4.528190288259594
B_L1_G_CSR_mean = -2.596079318862193
B_L1_G_MGS_STD = 5.360345924338194
B_L1_G_MGS_mean = 2.898511731446012
B_L1_S_HRS_STD = -7.17654095259109
B_L1_S_HRS_mean = 5.203405521467319
B_L1_S_WFS_STD = -8.537065581479046
B_L1_S_WFS_mean = -2.5285858686709077
B_L2_E_STD = 0.14237825161287543
B_L2_E_mean = 0.9318980600569323
B_L2_G_STD = -1.7955634587736047
B_L2_G_mean = 1.0081430531622269
B_L2_STD = -0.9228279149565766
B_L2_S_STD = -3.119453342368601
B_L2_S_mean = 1.1523834578684702
B_L2_mean = 3.120861448409842
B_L3_E_Imp_STD = 8.091139252822071
B_L3_E_Imp_mean = -10.490675039953327
B_L3_G_Imp_STD = 4.303125719404206
B_L3_G_Imp_mean = -4.588862912470151
B_L3_STD = -1.0572428793779605
B_L3_S_Imp_STD = 24.389597119799802
B_L3_S_Imp_mean = -14.056275876414409
B_L3_mean = 14.235199664693228
B_L4_E_Green_STD = 33.49383765053386
B_L4_E_Green_mean = 7.082674660520292
B_L4_E_Yellow_STD = 7.173178750782528
B_L4_E_Yellow_mean = 3.897865775324165
B_L4_G_Green_STD = 5.348310684758304
B_L4_G_Green_mean = 8.035816167368452
B_L4_G_Yellow_STD = 3.4049438672984973
B_L4_G_Yellow_mean = 3.0043289521293106
B_L4_STD = 18.801708562188868
B_L4_S_Green_STD = -13.176102360436728
B_L4_S_Green_mean = 11.468387131855646
B_L4_S_Yellow_STD = 6.510849579720816
B_L4_S_Yellow_mean = 14.32426035548669
B_L4_mean = -3.3937805628194093
B_MAT_OC_STD = -20.9150592566971
B_MAT_OC_mean = 6.960730338582065
B_MAT_PE_STD = -19.4301826959153
B_MAT_PE_mean = -4.017551004293842
B_MAT_RM_STD = 16.736607639812597
B_MAT_RM_mean = -1.6870260014657992
B_MAT_WO_STD = 8.524982882426123
B_MAT_WO_mean = 1.0510204907632408
B_PRICE_STD = 0.06599356436999121
B_PRICE_mean = -0.0563529497117577
B_Q_HIGH_STD = 21.39627906421577
B_Q_HIGH_mean = 9.234078546399859
B_Q_MED_STD = 18.34152921735252
B_Q_MED_mean = 7.359490443882023
