A1_ASC = -0.020074472634469983
A3_ASC = -2.60813614718506
B_COM_A_G_STD = -1.828098350285738
B_COM_A_G_mean = 1.5205081377992626
B_COM_BGD_STD = -1.5182473368342126
B_COM_BGD_mean = 0.20124351781253447
B_COM_EUR_STD = -0.1124806109698895
B_COM_EUR_mean = 0.7685666823417769
B_COM_VNM_STD = -0.05099474372849781
B_COM_VNM_mean = 0.5081890237012152
B_MAT_OC_STD = 0.5447004591241315
B_MAT_OC_mean = 0.05325942051257756
B_MAT_PE_STD = 1.436790399254811
B_MAT_PE_mean = -1.1263762951471497
B_MAT_RM_STD = -0.37144226125851815
B_MAT_RM_mean = -0.3782476304393768
B_MAT_WO_STD = -1.171461280659172
B_MAT_WO_mean = -0.21363187172250742
B_PRICE_STD = -0.14300967087729657
B_PRICE_mean = -0.1864389755892623
B_Q_HIGH_STD = 1.5309027496859104
B_Q_HIGH_mean = 1.1076617939572182
B_Q_MED_STD = 1.1248854654192593
B_Q_MED_mean = 0.7357067861727391
