A1_ASC = 0.16300741190079068
A3_ASC = -1.1706217629932352
B_COM_A_G_STD = 2.4400581846262224
B_COM_A_G_mean = 1.0744536973668843
B_COM_BGD_STD = 2.87705813596557
B_COM_BGD_mean = -0.6082016174387985
B_COM_EUR_mean = 0.6688843783763697
B_COM_VNM_STD = -1.9914594656982447
B_COM_VNM_mean = -0.3221206881945822
B_L1_E_CO2_STD = -0.02279940238849624
B_L1_E_CO2_mean = 0.02367966950986153
B_L1_E_ENE_STD = 0.00012529871782782814
B_L1_E_ENE_mean = -0.010296162693718894
B_L1_E_WAS_STD = 0.0023533851251079166
B_L1_E_WAS_mean = 5.79293136353711e-05
B_L1_E_WAT_STD = -7.826516171489378e-06
B_L1_E_WAT_mean = 5.912520685481327e-07
B_L1_G_CSR_STD = -1.8716728418420336
B_L1_G_CSR_mean = 1.2821200333997655
B_L1_G_MGS_STD = -3.917136843367969
B_L1_G_MGS_mean = 2.8355669673491315
B_L1_S_WFS_mean = 1.4010718052707616
B_L2_E_STD = 0.029641908243651705
B_L2_E_mean = 0.264552155244999
B_L2_G_STD = 0.25640162975788916
B_L2_G_mean = 0.19692997863349787
B_L2_STD = 1.2928143119066975
B_L2_S_STD = 0.1252243886511317
B_L2_S_mean = 0.24784812381155819
B_L2_mean = -1.507985839687022
B_L3_E_Imp_STD = -3.107506929587851
B_L3_E_Imp_mean = -2.6587946065747534
B_L3_G_Imp_STD = 5.120192519574785
B_L3_G_Imp_mean = -2.593291578411794
B_L3_STD = 1.163462590486427
B_L3_S_Imp_STD = 5.946252589578173
B_L3_S_Imp_mean = -0.7735922400689165
B_L3_mean = 1.9780300088161227
B_L4_E_Green_STD = 2.4170642391318045
B_L4_E_Green_mean = 0.5667509779945273
B_L4_G_Green_mean = 1.1813660870423472
B_L4_STD = -2.6216098453544023
B_L4_S_Green_STD = -2.544525251857044
B_L4_S_Green_mean = 0.3668406785953434
B_L4_S_Yellow_STD = 0.4225548362857323
B_L4_S_Yellow_mean = 1.0322844815560916
B_L4_mean = 0.8941826525745492
B_MAT_OC_mean = 0.22251031879767633
B_MAT_PE_STD = 5.312904354284508
B_MAT_PE_mean = -1.5351768639461174
B_MAT_RM_STD = 1.8959641364717266
B_MAT_RM_mean = -0.464922368930984
B_MAT_WO_STD = 2.629216476333693
B_MAT_WO_mean = -0.4044241743736681
B_PRICE_STD = -0.04196795957180682
B_PRICE_mean = -0.03534276010140501
B_Q_HIGH_STD = -2.856932334208035
B_Q_HIGH_mean = 1.5556461733245137
B_Q_MED_STD = -0.5974841021630244
B_Q_MED_mean = 1.388122590827075
